0,1,2,3,4,5,6,7,8,9,10,11,12,13,14,15,16,17,18,19,20,21,22,23,24,25,26,27,28,29,30,31,32,33,34,35,36,37,38,39,40,41,42,43,44,45,46,47,48,49,50,51,52,53,54,55,56,57,58,59,60,61,62,63,64,65,66,67,68,69,70,71,72,73,74,75,76,77,78,79,80,81,82,83,84,85,86,87,88,89,90,91,92,93,94,95,96,97,98,99,100,101,102,103,104,105,106,107,108,109,110,111,112,113,114,115,116,117,118,119,120,121,122,123,124,125,126,127,128,129,130,131,132,133,134,135,136,137,138,139,140,141,142,143,144,145,146,147,148,149,150,151,152,153,154,155,156,157,158,159,160,161,162,163,164,165,166,167,168,169,170,171,172,173,174,175,176,177,178,179,180,181,182,183,184,185,186,187,188,189,190,191,192,193,194,195,196,197,198,199,200,201,202,203,204,205,206,207,208,209,210,211,212,213,214,215,216,217,218,219,220,221,222,223,224,225,226,227,228,229,230,231,232,233,234,235,236,237,238,239,240,241,242,243,244,245,246,247,248,249,250,251,252,253,254,255,256,257,258,259,260,261,262,263,264,265,266,267,268,269,270,271,272,273,274,275,276,277,278,279,280,281,282,283,284,285,286,287,288,289,290,291,292,293,294,295,296,297,298,299,300,301,302,303,304,305,306,307,308,309,310,311,312,313,314,315,316,317,318,319,320,321,322,323,324,325,326,327,328,329,330,331,332,333,334,335,336,337,338,339,340,341,342,343,344,345,346,347,348,349,350,351,352,353,354,355,356,357,358,359,360,361,362,363,364,365,366,367,368,369,370,371,372,373,374,375,376,377,378,379,380,381,382,383,384,385,386,387,388,389,390,391,392,393,394,395,396,397,398,399,400,401,402,403,404,405,406,407,408,409,410,411,412,413,414,415,416,417,418,419,420,421,422,423,424,425,426,427,428,429,430,431,432,433,434,435,436,437,438,439,440,441,442,443,444,445,446,447,448,449,450,451,452,453,454,455,456,457,458,459,460,461,462,463,464,465,466,467,468,469,470,471,472,473,474,475,476,477,478,479,480,481,482,483,484,485,486,487,488,489,490,491,492,493,494,495,496,497,498,499,500,501,502,503,504,505,506,507,508,509,510,511,512,513,514,515,516,517,518,519,520,521,522,523,524,525,526,527,528,529,530,531,532,533,534,535,536,537,538,539,540,541,542,543,544,545,546,547,548,549,550,551,552,553,554,555,556,557,558,559,560
0.62543425,0.018358693,-0.20196594,-0.75200568,-0.92630951,-0.81533357,-0.74918946,-0.93179446,-0.79554498,-0.57560782,-0.48785964,-0.80444753,0.82067157,0.68988405,0.69867004,-0.74518652,-0.94403011,-0.99641703,-0.96959424,-0.73853,-0.95907005,-0.78837759,0.91239703,0.15598261,-0.62291528,-0.1710531,-0.16686718,0.20106927,0.12780761,-0.11596791,-0.046383287,0.22642128,-0.08674965,0.27847855,-0.51848173,0.76655501,-0.52103032,0.84476351,-0.98865634,-0.84072338,-0.51237774,0.62025569,0.81977419,-0.3835873,-0.87146755,-0.6778814,-0.37588302,-0.88264659,-0.68225995,-0.43834319,0.60085052,0.90618861,-0.70332538,0.57026439,0.77565995,0.36752357,-0.98158871,-0.21279786,0.31551283,-0.35604634,-0.91233515,-0.70350698,-0.11645469,0.1802994,0.46485386,-0.98594872,0.98900933,-0.99172229,0.99428763,-0.95836192,0.95578126,-0.95593961,0.95730021,-0.97103092,0.97221209,-0.97285017,0.96954455,0.96139765,-0.99516388,-0.98186372,-0.074781243,-0.04942599,0.10080122,-0.97824417,-0.9774763,-0.98268304,-0.98278067,-0.97816952,-0.98152836,-0.96955519,-0.98065435,-0.97798862,0.95708957,0.97752145,0.98255027,-0.98013117,-0.9995426,-0.9995202,-0.99958185,-0.98629444,-0.98030257,-0.97973874,-0.77772634,-0.7242204,-0.55013131,-0.048443352,-0.30800657,0.00062473116,-0.052989396,-0.044090743,-0.17203608,0.21294771,0.075824806,0.38339054,-0.61148527,0.30871661,0.35402463,0.08816484,0.046289755,0.13678648,-0.089328221,-0.4605308,0.63353974,-0.97895936,-0.87268572,-0.80091736,-0.98051072,-0.86081712,-0.79294735,-0.89607236,-0.97326149,-0.42720261,0.80719755,0.80244736,0.89586821,-0.66600114,-0.99732535,-0.96607997,-0.8654869,-0.98462606,-0.83431137,-0.79969653,-1.0,-1.0,0.93455495,-0.01295097,-0.33243914,0.64020531,-0.1299731,0.11589533,-0.41920972,0.53178834,0.031928556,-0.16024688,-0.13542589,0.29125344,0.067301958,-0.3917384,0.32259443,-0.98428044,-0.090477546,0.024515926,-0.18211877,-0.98652139,-0.98953315,-0.98374987,-0.9871913,-0.99209509,-0.98767821,-0.98638867,-0.98128983,-0.97874117,0.9825765,0.98916712,0.97287549,-0.98927365,-0.99985547,-0.99991288,-0.99972469,-0.99008349,-0.99458028,-0.99223149,-0.4665818,-0.30624191,-0.74266912,0.13930892,-0.54671352,0.13964013,0.39776697,0.23560449,-0.44923086,0.27471611,-0.25689521,-0.044543985,-0.34982279,-0.046149839,0.16027355,-0.2364075,0.57981474,-0.35951261,-0.74471947,-0.57744501,-0.58044959,-0.69915125,-0.95135635,-0.74471947,-0.94796894,-0.55796106,0.43536198,-0.49026834,0.23926696,-0.090045477,0.31579083,-0.74471947,-0.57744501,-0.58044959,-0.69915125,-0.95135635,-0.74471947,-0.94796894,-0.55796106,0.43536198,-0.49026834,0.23926696,-0.090045477,0.31579083,-0.98049747,-0.97507119,-0.97948522,-0.97302783,-0.9771978,-0.98049747,-0.99949156,-0.98626495,-0.65933829,0.3343086,-0.08060016,-0.17242394,-0.27665284,-0.68392733,-0.75673389,-0.70360859,-0.81114518,-0.60962777,-0.68392733,-0.94888228,-0.64122488,0.77031375,-0.28273296,-0.060503881,0.29998356,0.017842424,-0.98915752,-0.98613388,-0.98910408,-0.98289133,-0.98293175,-0.98915752,-0.99987817,-0.99320599,-0.48762036,0.43290211,-0.42123783,0.1524737,-0.20555323,-0.79524644,-0.92489539,-0.87371131,-0.73658709,-0.93068783,-0.80031474,-0.77988105,-0.93169135,-0.8443306,-0.73045292,-0.95109969,-0.76285617,-0.58580627,-0.9030656,-0.93665749,-0.83275756,-0.9683051,-0.9965711,-0.9801734,-0.93811952,-0.96176423,-0.97394769,-0.13092637,-0.55544172,-0.43765473,-1.0,-1.0,-1.0,-0.4425553,0.092031098,-0.26760217,0.41200729,0.13892465,-0.38137959,-0.77397868,0.26005698,0.020500445,-0.95803672,-0.99661211,-0.99663211,-0.99191603,-0.99022388,-0.98685991,-0.98417947,-0.96922602,-0.96549972,-0.99470295,-0.98897787,-0.97916748,-0.96771422,-0.98893619,-0.99580075,-0.99938122,-0.99919744,-0.99848484,-0.9977197,-0.99765913,-0.99641982,-0.99600998,-0.9964806,-0.9987941,-0.99746759,-0.99613083,-0.99664357,-0.99811264,-0.9754997,-0.99672745,-0.99926519,-0.99902941,-0.99866534,-0.9951129,-0.99480963,-0.98340978,-0.97939022,-0.99921314,-0.99769233,-0.99135653,-0.97999324,-0.99866489,-0.97541747,-0.97596051,-0.97904149,-0.98417296,-0.98123337,-0.98510336,-0.97998915,-0.98037277,-0.98390253,-0.98701812,-0.98400568,-0.98504351,-0.98377701,-0.98897091,-0.98373603,-0.97479569,-0.99961594,-0.99953106,-0.99959616,-0.98081933,-0.98228788,-0.97948731,-1.0,-1.0,-0.90016193,-0.68,-0.52,-0.52,-0.051424026,-0.095088129,0.086937241,-0.62758934,-0.86566244,-0.49849575,-0.91097513,-0.50827882,-0.8376358,-0.99966392,-0.99968773,-0.99981375,-0.99971727,-0.99965952,-0.99946635,-0.99960227,-0.99994841,-0.99965105,-0.99973831,-0.99956545,-0.99959922,-0.99965424,-0.99951128,-0.99909001,-0.99969351,-0.99972816,-0.99968818,-0.99968317,-0.99960659,-0.99945517,-0.9987825,-0.99951461,-0.99966372,-0.99962155,-0.99937431,-0.99952929,-0.99968035,-0.99916448,-0.99912602,-0.99979267,-0.99987136,-0.9997934,-0.99925504,-0.99671265,-0.99952213,-0.99898884,-0.99986065,-0.99962484,-0.99682667,-0.99945085,-0.99980062,-0.97616414,-0.91080252,-0.80706161,-0.97980799,-0.85463332,-0.81693301,-0.97434526,-0.91091851,-0.83123892,-0.98456916,-0.83614249,-0.81998648,-0.99040286,-0.83916233,-0.67677511,-0.90492443,-0.9997381,-0.99158229,-0.97937109,-0.98916394,-0.97067875,-0.91693957,-0.65970102,-0.4071276,-0.28506566,-0.93333333,-1.0,-1.0,-0.27111299,-0.2897938,0.013229421,-0.38564784,-0.77053243,0.56103204,0.35317902,0.33736128,0.075413278,-0.99973752,-0.99989069,-0.99996528,-0.9999596,-0.99990318,-0.9997742,-0.9997396,-0.99991814,-0.99973725,-0.99995767,-0.99984233,-0.99981861,-0.99974014,-0.99992627,-0.98589491,-0.99937549,-0.99983834,-0.99976623,-0.99948502,-0.99820855,-0.99289526,-0.99309536,-0.99009719,-0.99977827,-0.99921802,-0.99201503,-0.99072991,-0.99957664,-0.98026411,-0.99643326,-0.99766815,-0.99802164,-0.99491127,-0.98989283,-0.97665136,-0.97254098,-0.98003061,-0.99682137,-0.9935464,-0.97486452,-0.97981305,-0.99663498,-0.72418865,-0.57879618,-0.66195922,-0.58537791,-0.66755767,-0.72418865,-0.90732191,-0.93955363,-0.10866152,-1.0,-0.38384256,0.47086686,0.2677175,-0.97453863,-0.97437765,-0.97551684,-0.97781003,-0.98114939,-0.97453863,-0.99940978,-0.98533254,-0.89799999,-1.0,0.092219678,-0.20728174,-0.62993463,-0.83323577,-0.75283262,-0.80832351,-0.69906707,-0.64982074,-0.83323577,-0.96965614,-0.92133397,-0.25448742,-1.0,-0.19759026,0.55057928,0.35363475,-0.9868958,-0.98561342,-0.9856977,-0.98437502,-0.98137985,-0.9868958,-0.99986191,-0.98743525,-0.80997573,-1.0,0.035015182,0.033947164,-0.29679857,0.12246085,-0.092265796,-0.17397955,0.13490665,0.61892538,-0.37524267,-0.63633594
0.2574824,-0.0091744678,-0.10437605,-0.95230613,-0.96175328,-0.97581398,-0.95986403,-0.9588101,-0.98102648,-0.87401602,-0.54681858,-0.80444753,0.81753384,0.68365007,0.82650208,-0.95815519,-0.99858316,-0.99946128,-0.99937881,-0.97064589,-0.95930148,-0.98845531,-0.32086526,-0.26533984,-0.41433842,-0.16455136,-0.071993782,0.16948689,-0.029535146,-0.12254422,0.016975702,0.052590377,0.16670237,0.059387498,-0.060173383,0.18486166,-0.33204357,0.53220753,-0.84913135,-0.50357797,-0.39134982,0.64293455,0.7790578,-0.90303638,-0.9703482,-0.96129767,-0.91806517,-0.97088502,-0.96820768,-0.43834319,0.60324654,0.78463286,-0.41395882,0.6471273,0.77565995,0.25457083,-0.99319576,-0.15703141,0.18313479,-0.93790277,-0.9739424,-0.97749123,0.083749506,-0.33240108,-0.31411777,-0.98434607,0.98667369,-0.98864196,0.99044651,-0.72340795,0.70722679,-0.70932778,0.71943031,-0.95310653,0.95691234,-0.96021196,0.95961626,0.63209587,-0.99922403,-0.63346498,0.048178551,0.0032643396,0.018369774,-0.98688687,-0.98553567,-0.99429896,-0.9871711,-0.98493293,-0.99364018,-0.98365005,-0.98898197,-0.99584915,0.98969233,0.99057152,0.99239956,-0.99025835,-0.99982263,-0.9997566,-0.99989916,-0.98598308,-0.98848952,-0.99407088,-0.68457029,-0.76783603,-0.83416982,-0.054385034,-0.11756236,0.07070623,0.049642681,-0.11691901,-0.077616739,0.040115852,0.079735288,0.14226175,-0.078670959,0.32299061,-0.28264141,0.050447462,0.018399608,-0.025728958,-0.077030245,-0.1885605,0.32320229,-0.97577929,-0.94373452,-0.87168564,-0.97314358,-0.94286149,-0.86824875,-0.89529747,-0.95722094,-0.58783133,0.81234429,0.8694067,0.84853763,-0.85805467,-0.99812978,-0.9960594,-0.97027696,-0.96879149,-0.93400064,-0.86301287,-1.0,-0.9140325,0.7839004,-0.25590579,-0.052755471,0.33393616,0.040092469,-0.18749074,0.07586653,-0.31811949,0.61091131,-0.21372711,0.10285954,-0.21691019,0.45710448,0.68557733,-0.70691352,-1.0,-0.084340065,-0.0060507174,-0.1321109,-0.99075046,-0.99777378,-0.99205269,-0.99139429,-0.99763626,-0.99251324,-0.99083776,-0.99742412,-0.99055943,0.9898701,0.99895644,0.98987725,-0.99483027,-0.99991948,-0.99999014,-0.99990423,-0.99334225,-0.99764287,-0.99225098,-0.51919301,-0.63033959,-0.74178306,-0.13736975,-0.2621959,-0.19036161,0.51588951,-0.11462229,0.061419476,-0.21604882,-0.22539857,-0.083659964,-0.047807856,-0.07801798,-0.34984346,-0.22942125,0.46908718,-0.31686471,-0.96000949,-0.94984948,-0.95753422,-0.9473767,-0.99237069,-0.96000949,-0.99850785,-0.96245559,-0.18627459,-0.33171417,0.10857518,0.23988894,-0.13248563,-0.96000949,-0.94984948,-0.95753422,-0.9473767,-0.99237069,-0.96000949,-0.99850785,-0.96245559,-0.18627459,-0.33171417,0.10857518,0.23988894,-0.13248563,-0.99006044,-0.99207581,-0.99205932,-0.99007486,-0.9771978,-0.99006044,-0.99982721,-0.99194562,-0.822063,0.031792513,0.059776262,-0.11314001,-0.08927725,-0.86937515,-0.85906318,-0.83273263,-0.90827322,-0.90756829,-0.86937515,-0.98965472,-0.8197477,0.63690899,-0.31687368,0.17518826,-0.31559988,0.55732761,-0.99497325,-0.99530646,-0.99585233,-0.99360051,-0.99245552,-0.99497325,-0.99996687,-0.99613158,-0.70564886,-0.12812299,0.15000618,-0.36790143,0.15090465,-0.96070528,-0.97231874,-0.98178815,-0.94902837,-0.95817655,-0.97329386,-0.95822413,-0.96604564,-0.97581989,-0.94675513,-0.96247977,-0.96879207,-0.92027027,-0.9898269,-0.98185467,-0.96844021,-0.9986603,-0.99889172,-0.99931211,-0.98282415,-0.98826856,-0.98243071,-0.66525264,-0.73281915,-0.72952251,-1.0,-1.0,-1.0,-0.40011648,-0.36039494,-0.098833641,0.37976342,0.098405598,-0.064091647,-0.44554886,-0.25287087,-0.53584308,-0.99826697,-0.99982738,-0.9995272,-0.99956292,-0.99950877,-0.99929052,-0.99936453,-0.99897885,-0.99856781,-0.99946986,-0.99944202,-0.99923528,-0.99863774,-0.99942836,-0.99847077,-0.99988775,-0.99988049,-0.99980011,-0.99975428,-0.99980388,-0.99975489,-0.99996871,-0.99878707,-0.9998343,-0.99977775,-0.99983752,-0.9988719,-0.99980439,-0.99917313,-0.9997606,-0.99980532,-0.99982976,-0.99995324,-0.99983796,-0.99944865,-0.99977699,-0.99929307,-0.99984754,-0.99996571,-0.99955157,-0.99929768,-0.99988529,-0.98605822,-0.98506017,-0.99206824,-0.98915442,-0.98722618,-0.99534525,-0.98665134,-0.9884737,-0.99473318,-0.99130107,-0.98715444,-0.99481039,-0.99745588,-0.97535633,-0.98076205,-0.98779945,-0.9998248,-0.99975674,-0.9998996,-0.98471195,-0.99256605,-0.99444094,-1.0,-1.0,-1.0,-0.36,-0.8,0.12,-0.153264,-0.18507879,0.039272044,-0.58838343,-0.85496375,-0.36858747,-0.82173588,-0.57678024,-0.90555073,-0.9998647,-0.99989327,-0.99982838,-0.99986022,-0.99984532,-0.99973279,-0.99988502,-0.99999808,-0.99987252,-0.99981279,-0.9997999,-0.99988668,-0.99983679,-0.99977438,-0.99924917,-0.9999179,-0.99982597,-0.99982622,-0.99980937,-0.99980936,-0.99973836,-0.99987581,-0.99975558,-0.99980017,-0.99981082,-0.9997597,-0.99974763,-0.99984002,-0.99975733,-0.99983779,-0.99986854,-0.99985213,-0.99994062,-0.99989217,-0.99947626,-0.99939353,-0.99980838,-0.99989002,-0.99992999,-0.99943424,-0.99986621,-0.99990882,-0.97423134,-0.95668752,-0.88213033,-0.97631338,-0.93720655,-0.87992543,-0.97559503,-0.95964505,-0.89280369,-0.97322147,-0.9338567,-0.8851454,-0.9939272,-0.91506454,-0.80815892,-0.94336135,-0.99966005,-0.99827354,-0.99122504,-0.991774,-0.98467798,-0.95014358,-0.64729755,-0.4222488,-0.24676535,-1.0,-1.0,-1.0,-0.11920488,-0.21473882,-0.060679139,0.027305051,-0.33161526,0.32852605,-0.015204059,0.27334794,-0.028338653,-0.99964837,-0.99994771,-0.99994226,-0.99991189,-0.9997395,-0.9997527,-0.99979149,-0.99974389,-0.99966166,-0.99991968,-0.99972009,-0.99977044,-0.9996646,-0.99985651,-0.99713996,-0.99987172,-0.99994921,-0.99992203,-0.99978512,-0.99948036,-0.99865224,-0.99801278,-0.99799161,-0.99992915,-0.99972075,-0.99819173,-0.99811179,-0.99985334,-0.99130814,-0.99918713,-0.99907841,-0.99928738,-0.99827518,-0.99642058,-0.99172694,-0.99020394,-0.99146031,-0.99877889,-0.99777505,-0.991065,-0.99137848,-0.99882004,-0.95461089,-0.95377125,-0.94744153,-0.96698851,-0.94076377,-0.95461089,-0.99824343,-0.98261546,-0.67623477,-0.93103448,-0.10568488,-0.36042488,-0.72687268,-0.99055411,-0.9932025,-0.99064622,-0.99473977,-0.99209312,-0.99055411,-0.99987757,-0.9898281,-1.0,-0.84126984,0.27353064,-0.86659143,-0.94434959,-0.90418623,-0.85620069,-0.88939957,-0.83409296,-0.79525796,-0.90418623,-0.98960595,-0.95554906,-0.5133578,-1.0,-0.2219757,0.37697374,0.08458466,-0.99587969,-0.99442384,-0.99404297,-0.99619674,-1.0,-0.99587969,-0.99997485,-0.99541136,-1.0,-1.0,-0.040622333,-0.41247472,-0.80892989,-0.38771943,-0.0699376,-0.21532881,0.13613133,0.53307593,-0.40410285,-0.60432871
0.26453211,-0.017684981,-0.10734961,-0.9776126,-0.98342874,-0.99099947,-0.97935442,-0.98564428,-0.99083204,-0.93788377,-0.56751309,-0.81945204,0.81753384,0.68365007,0.84308512,-0.98478613,-0.99962043,-0.99988368,-0.99984032,-0.98082005,-0.98966151,-0.98961378,-0.47598222,-0.62596045,-0.55597233,-0.010600131,-0.1869734,0.30764615,-0.17179866,0.27974622,-0.31605729,0.25829933,0.47503505,0.13407818,0.01460324,0.013033178,-0.26392463,0.21060494,-0.54631813,-0.063318545,-0.39544475,0.6471257,0.77984101,-0.95366816,-0.99680108,-0.9838096,-0.95495797,-0.9967627,-0.98459875,-0.44012994,0.60324654,0.76716005,-0.35429653,0.66304482,0.7762823,0.26017085,-0.99413464,-0.14636907,0.18547644,-0.96218423,-0.99658805,-0.9871005,-0.35657414,-0.72571308,-0.5416084,-0.84520912,0.84521397,-0.84489506,0.84443733,-0.69457147,0.69357865,-0.71368237,0.74216418,-0.53603316,0.53941147,-0.54251774,0.5426856,0.097290552,-0.99137977,-0.016277886,0.092307178,0.024229617,-0.0023525362,-0.98925694,-0.98925497,-0.99619761,-0.98980457,-0.98805001,-0.99660732,-0.98365005,-0.99491727,-0.99639176,0.99340706,0.99057152,0.99339479,-0.99349604,-0.99986847,-0.99983858,-0.99993665,-0.98880015,-0.98883178,-0.99906693,-0.66564378,-0.80663598,-0.90586643,0.12252086,-0.14984077,0.25555987,0.11976611,0.013697136,-0.36347716,-0.057517972,0.50583629,0.14934206,0.25651162,0.13043895,0.18363438,0.27328997,0.15559619,0.026372225,-0.048995641,-0.076252628,0.14116122,-0.98310097,-0.97842826,-0.93827763,-0.98476075,-0.97866906,-0.93616479,-0.89024024,-0.95172367,-0.68956141,0.82007226,0.90189046,0.82277159,-0.957227,-0.99954971,-0.99971565,-0.99683876,-0.98776002,-0.98218192,-0.94153349,-1.0,-0.3073814,0.23049506,-0.22189281,-0.028451182,0.24292995,0.10511598,-0.052795705,-0.081672965,-0.014762116,0.31457125,-0.092745371,-0.039548423,-0.060242663,0.36227762,0.64068189,-0.6460052,-0.97311493,-0.095257688,-0.025512392,-0.093371949,-0.99244249,-0.99869806,-0.99370311,-0.99319605,-0.99868752,-0.99434999,-0.99220615,-0.99803427,-0.99055943,0.9898701,0.99971877,0.98987725,-0.99685673,-0.99994138,-0.99999561,-0.99993949,-0.99368405,-0.99852323,-0.99383503,-0.59675194,-0.76525671,-0.74563131,-0.087322256,-0.23156474,-0.075225294,0.29987907,0.0045197197,0.003651191,-0.063445623,0.19502344,0.016170093,-0.12683002,-0.080234111,-0.14135503,-0.30032208,0.52516955,-0.315639,-0.98553647,-0.975612,-0.98130403,-0.97391262,-0.99648196,-0.98553647,-0.99963959,-0.98664873,-0.52402298,-0.098427814,-0.044835617,0.28742971,-0.18389572,-0.98553647,-0.975612,-0.98130403,-0.97391262,-0.99648196,-0.98553647,-0.99963959,-0.98664873,-0.52402298,-0.098427814,-0.044835617,0.28742971,-0.18389572,-0.99344956,-0.9929381,-0.99332477,-0.99007486,-0.98437349,-0.99344956,-0.99988692,-0.9933644,-0.81921984,0.03744704,-0.11632047,0.3698138,-0.36850041,-0.95931661,-0.94980394,-0.94026788,-0.96593279,-0.95002371,-0.95931661,-0.99878682,-0.93632272,0.069553825,-0.16742221,0.005767484,-0.10252014,0.35373631,-0.99696381,-0.9957093,-0.99680865,-0.99360051,-0.99487335,-0.99696381,-0.99997982,-0.99795623,-0.7586866,0.034311984,-0.081656986,-0.025759069,-0.034635097,-0.98000889,-0.98201767,-0.99505319,-0.97646986,-0.98417393,-0.98831034,-0.97952965,-0.98315687,-0.99201277,-0.97464023,-0.99061835,-0.98165083,-0.98857553,-0.99027262,-0.99862558,-0.98576888,-0.99965318,-0.99969755,-0.99981123,-0.98508506,-0.98688641,-0.9907374,-0.76447967,-0.81220504,-0.90357248,-1.0,-0.66666667,-1.0,-0.27220209,0.21557044,0.11391094,0.29523404,0.016781559,-0.51516058,-0.86745892,-0.085190843,-0.3470252,-0.99959613,-0.99986853,-0.99975259,-0.99982246,-0.99972193,-0.99969927,-0.99976558,-0.99972674,-0.99964118,-0.99974074,-0.9997285,-0.99975258,-0.99965084,-0.99975143,-0.99969206,-0.99981419,-0.99989378,-0.99996414,-0.99964478,-0.99937532,-0.99961835,-0.99969152,-0.99968504,-0.99989456,-0.99953328,-0.99963718,-0.99969488,-0.99984969,-0.99973078,-0.99992272,-0.99991059,-0.99987809,-0.99992621,-0.99988762,-0.99991237,-0.99999313,-0.99979113,-0.99993219,-0.99995671,-0.999945,-0.99979984,-0.99991727,-0.98843252,-0.98979733,-0.99584802,-0.99131859,-0.98929327,-0.99495834,-0.98808124,-0.99003685,-0.9954092,-0.99478165,-0.99059668,-0.99384432,-0.98691487,-0.99619132,-0.99615921,-0.99193447,-0.9998691,-0.9998391,-0.99993664,-0.98626289,-0.99172073,-0.99423264,-1.0,-1.0,-1.0,-0.72,-0.6,-0.4,0.10241979,-0.24850656,0.056830557,-0.61065132,-0.90517883,-0.44518045,-0.86593261,-0.4953291,-0.82891813,-0.9999193,-0.99991961,-0.99987417,-0.99985165,-0.99988969,-0.99983946,-0.99979875,-0.99997317,-0.9999138,-0.99984536,-0.99987361,-0.99979708,-0.9998874,-0.99981758,-0.99945505,-0.99991764,-0.99992157,-0.99997742,-0.99981369,-0.9996593,-0.99980567,-0.99999583,-0.99980382,-0.99994122,-0.99975025,-0.99983366,-0.99982482,-0.99991151,-0.99990835,-0.99986756,-0.99990449,-0.9998656,-0.99992086,-0.99987873,-0.99985924,-0.99999338,-0.99988747,-0.99991498,-0.99991082,-0.99986634,-0.9999259,-0.99990947,-0.98453412,-0.98297652,-0.94254845,-0.9828114,-0.97598161,-0.94234389,-0.9805388,-0.98282879,-0.94639189,-0.98271035,-0.97516317,-0.94291806,-0.99854641,-0.96911703,-0.92309442,-0.97376428,-0.99982458,-0.99971137,-0.9978252,-0.99619742,-0.99530214,-0.97623932,-0.6897567,-0.61653916,-0.45882064,-1.0,-1.0,-1.0,-0.49451274,-0.24131258,-0.047062459,-0.16464022,-0.55171017,0.16225413,-0.21374827,0.29211782,0.027160472,-0.99981349,-0.99998129,-0.99998539,-0.9999761,-0.99997637,-0.99994087,-0.99996651,-0.99998398,-0.99982199,-0.99998058,-0.99996094,-0.99997426,-0.99982453,-0.99997242,-0.99953083,-0.99996565,-0.99999479,-0.99998511,-0.9999491,-0.99992248,-0.99978397,-0.99966974,-0.99966256,-0.99999088,-0.99994353,-0.99970509,-0.99968489,-0.99997141,-0.99791895,-0.99957927,-0.99981477,-0.99975943,-0.99953527,-0.99911806,-0.997837,-0.99753679,-0.99788116,-0.99970958,-0.99942706,-0.9977067,-0.99786807,-0.9996582,-0.98280546,-0.97431429,-0.97501311,-0.97927931,-0.98449291,-0.98280546,-0.99945675,-0.99461602,-0.8734817,-1.0,-0.11392348,-0.14228933,-0.51681593,-0.99247228,-0.99229392,-0.99161513,-0.99138105,-0.9916734,-0.99247228,-0.99989526,-0.99367049,-1.0,-1.0,0.13091651,-0.38429845,-0.67971578,-0.96964154,-0.94677653,-0.96073307,-0.93485531,-0.961271,-0.96964154,-0.99856756,-0.98828071,-0.57217963,-1.0,-0.29182652,0.53672117,0.33267429,-0.99605023,-0.99511052,-0.99460556,-0.99600257,-0.99798125,-0.99605023,-0.99997787,-0.99660331,-1.0,-1.0,-0.094112598,-0.44433262,-0.80203314,0.029689858,-0.2105776,-0.33561936,0.18370067,0.53617389,-0.40604676,-0.60256483
0.28084523,-0.016996863,-0.10811426,-0.99143097,-0.99406612,-0.99150346,-0.99161022,-0.99443784,-0.99124767,-0.93788377,-0.57167797,-0.82164552,0.84514738,0.69123456,0.84308512,-0.99349242,-0.99992482,-0.9999705,-0.99985279,-0.9904939,-0.99493112,-0.98938603,-0.45862627,-0.71261773,-0.58183143,0.13008672,-0.26812445,0.40507578,-0.09156642,0.37829648,-0.28394289,0.34315536,0.064826556,0.35317961,-0.12629838,0.15374761,-0.30701911,-0.11765509,-0.23755169,-0.021671288,-0.40107468,0.64674688,0.78096718,-0.9901021,-0.99819772,-0.99467778,-0.98949626,-0.99819149,-0.99463936,-0.46692095,0.60282228,0.76716005,-0.35429653,0.66359769,0.78215511,0.25132534,-0.99501794,-0.14734155,0.18891691,-0.98851828,-0.99814253,-0.99416416,-0.69017917,-0.96682426,-0.74304108,-0.80697926,0.81412637,-0.82093124,0.82755808,-0.30694973,0.27245962,-0.28384833,0.31486167,-0.20654424,0.21041249,-0.21350623,0.21371314,-0.1007319,-0.86558252,0.55708535,0.070064064,0.015894857,-0.0032073915,-0.9924694,-0.99299732,-0.99280216,-0.99164291,-0.99178015,-0.9920528,-0.993208,-0.99584608,-0.99779486,0.99393727,0.99459888,0.98999205,-0.99373528,-0.99992031,-0.99990806,-0.99986803,-0.9880967,-0.99126259,-0.99429281,-0.75741954,-0.87060165,-0.8613194,0.15058163,-0.20379553,0.25274767,0.28469819,0.22083934,-0.08699241,0.1999495,0.65394789,0.32157703,0.15318917,0.27678924,0.20359582,-0.2178792,0.51600785,-0.18881057,-0.032663765,-0.039558626,0.063416479,-0.99069625,-0.99478693,-0.98220836,-0.99218815,-0.99468207,-0.98199246,-0.87556449,-0.94963139,-0.75262539,0.83982263,0.91802853,0.81738447,-0.97789646,-0.99992892,-0.99976533,-0.99957868,-0.99285214,-0.99443235,-0.98519995,-0.69570783,-0.1718044,-0.73482243,-0.060534466,-0.033759389,0.045701685,0.2516475,-0.011424896,-0.12160202,0.1987159,-0.010377177,0.28123155,-0.35407932,0.18825613,0.15195826,0.0090384606,-0.41550211,-0.59876647,-0.089424306,-0.03702645,-0.062378697,-0.99648604,-0.99850963,-0.9962476,-0.99666805,-0.99857497,-0.99595047,-0.99122857,-0.99786931,-0.9939093,0.9979406,0.99930643,0.99715925,-0.99821642,-0.99997942,-0.99999524,-0.99997131,-0.99611056,-0.99842607,-0.99561384,-0.71447439,-0.82552925,-0.73334022,0.11779564,-0.17230017,0.042336098,0.088978494,0.083355754,-0.0031305528,0.13698541,0.3299593,0.41913907,-0.27368148,0.19984103,-0.0050034475,0.040520508,0.11356881,0.047912024,-0.99414488,-0.99564477,-0.9954947,-0.99537942,-0.99648196,-0.99414488,-0.99991905,-0.99396591,-0.83128526,0.22485613,-0.16767694,0.31377617,-0.46086864,-0.99414488,-0.99564477,-0.9954947,-0.99537942,-0.99648196,-0.99414488,-0.99991905,-0.99396591,-0.83128526,0.22485613,-0.16767694,0.31377617,-0.46086864,-0.99382148,-0.99483718,-0.9941391,-0.9956328,-0.98437349,-0.99382148,-0.99990199,-0.99300735,-0.88760687,0.36939393,-0.34254694,0.08619078,-0.19744268,-0.9790456,-0.99339871,-0.99301394,-0.99065141,-0.95002371,-0.9790456,-0.99972784,-0.99443652,-0.4813998,-0.034296614,-0.043469926,-0.092467239,0.22337926,-0.99826502,-0.9985714,-0.99865414,-0.99749746,-0.99487335,-0.99826502,-0.9999918,-0.99845129,-0.88736844,0.20838145,-0.28776776,0.5261592,-0.58999396,-0.99103429,-0.99212365,-0.99230532,-0.99147525,-0.99451841,-0.99072249,-0.99172348,-0.99301962,-0.99014833,-0.99162879,-0.99661435,-0.98833857,-0.99520008,-0.99223764,-0.9993839,-0.99357103,-0.9999262,-0.99992296,-0.99982391,-0.9939469,-0.99097083,-0.98819394,-0.87389237,-1.0,-0.90357248,-1.0,-0.8,-1.0,-0.023589423,0.16132268,0.17178388,-0.13264738,-0.5397797,-0.66276511,-0.92377618,-0.54690491,-0.76178999,-0.99993619,-0.99990875,-0.99993605,-0.99991491,-0.99992108,-0.99986719,-0.99987161,-0.99993381,-0.99992455,-0.99992576,-0.99991595,-0.99989248,-0.99992711,-0.99990759,-0.99991185,-0.99994015,-0.99995131,-0.99994001,-0.99982925,-0.99984089,-0.9998228,-0.99998357,-0.99991825,-0.99994318,-0.99984676,-0.99988524,-0.99991816,-0.99992936,-0.99978242,-0.99994267,-0.99988271,-0.99968771,-0.99987318,-0.99967838,-0.99986874,-0.99999969,-0.99983885,-0.99984544,-0.99985928,-0.99991605,-0.99984005,-0.99975339,-0.99239235,-0.9925207,-0.99214857,-0.99323234,-0.99417828,-0.99185858,-0.99065577,-0.99353723,-0.9931745,-0.99531707,-0.99491807,-0.98534615,-0.99148049,-0.99065161,-0.98400508,-0.99326121,-0.99992026,-0.99990811,-0.99986802,-0.98943844,-0.99357511,-0.9943948,-1.0,-1.0,-0.94221628,-0.68,-0.4,-0.04,0.20487835,0.039549306,0.15973382,-0.55164357,-0.88746364,-0.65290088,-0.95756065,-0.17240267,-0.46366984,-0.99997498,-0.9999107,-0.99993519,-0.9999328,-0.99993968,-0.9998432,-0.99987502,-0.99998827,-0.99993297,-0.99992947,-0.99990872,-0.99987495,-0.9999262,-0.99990109,-0.99989187,-0.99993389,-0.99993306,-0.99994414,-0.99982844,-0.99983369,-0.99978448,-0.99996447,-0.99992142,-0.99993391,-0.99983672,-0.99981119,-0.99991541,-0.999924,-0.99983389,-0.99993285,-0.99989659,-0.99971402,-0.99985759,-0.99966102,-0.99976479,-0.99993178,-0.99991689,-0.99983683,-0.99979663,-0.99976966,-0.99993354,-0.99977258,-0.98710057,-0.99576194,-0.98656641,-0.99182333,-0.99413465,-0.98226983,-0.9899022,-0.99596033,-0.98481414,-0.99148305,-0.99294707,-0.9825221,-0.9958003,-0.99733365,-0.99057821,-0.99118151,-0.99993867,-0.99997279,-0.99976223,-0.99260906,-0.99664485,-0.99668922,-0.7572848,-0.8783516,-0.81603462,-1.0,-1.0,-1.0,0.15973917,-0.10112563,-0.19432554,-0.29528198,-0.6484065,0.1234845,-0.20921979,0.18001851,-0.1464312,-0.99994599,-0.99994596,-0.99995811,-0.99997708,-0.9999321,-0.9998622,-0.99984351,-0.99986159,-0.99994154,-0.99995903,-0.99989821,-0.99985152,-0.99994054,-0.99995502,-0.99995698,-0.99999582,-0.99999686,-0.99999631,-0.99999596,-0.99997516,-0.99997348,-0.99998119,-0.99996912,-0.99999621,-0.99999207,-0.99997324,-0.99997047,-0.99999518,-0.99975637,-0.9999793,-0.99999157,-0.99997783,-0.99997704,-0.99982603,-0.99987034,-0.99989398,-0.99976327,-0.99998389,-0.99994214,-0.99988083,-0.99976509,-0.99996866,-0.99492343,-0.99605282,-0.99418779,-0.99794717,-0.99156094,-0.99492343,-0.99994608,-0.99355886,-1.0,0.17241379,0.60134435,-0.7907002,-0.95152537,-0.99420956,-0.99454141,-0.99365066,-0.99349425,-0.98751764,-0.99420956,-0.99992814,-0.9953797,-1.0,-1.0,0.55111486,-0.4142684,-0.73009628,-0.99501406,-0.99315551,-0.99304642,-0.99422668,-0.99901596,-0.99501406,-0.999955,-0.99520258,-0.85031043,-1.0,-0.1064324,-0.41866405,-0.77185495,-0.99870139,-0.99803947,-0.99776121,-0.99827918,-0.99487085,-0.99870139,-0.9999946,-0.99784258,-1.0,-0.96825397,0.28573161,-0.51840477,-0.84212682,-0.1182881,-0.079259916,-0.078762975,0.054982774,0.54019628,-0.4054751,-0.6034693
0.27481059,-0.015349934,-0.10919355,-0.99357854,-0.98417804,-0.98882979,-0.99396591,-0.98547817,-0.98952893,-0.94081278,-0.56246974,-0.82164552,0.84514738,0.68599373,0.84170609,-0.99191715,-0.99995073,-0.99988594,-0.99978988,-0.99436138,-0.98881521,-0.98960172,-0.623929,-0.51812501,-0.59266365,0.19658973,-0.2079064,0.28972747,0.11567102,0.26229193,-0.23412511,0.17316357,0.42816546,0.31710258,-0.12540872,0.068269509,-0.16542119,0.1316055,-0.083744987,-0.31537707,-0.39990713,0.64716749,0.78072165,-0.995529,-0.99718282,-0.99528449,-0.99533849,-0.99758375,-0.99517326,-0.46692095,0.60370783,0.76676556,-0.35122548,0.66359769,0.78172901,0.25405658,-0.9948624,-0.14626198,0.18816372,-0.99457504,-0.99828729,-0.99497699,-0.68769707,-0.77181168,-0.81356422,-0.48263337,0.48816731,-0.49346378,0.49865945,-0.42807059,0.45061635,-0.51452329,0.5940121,-0.28496007,0.28895062,-0.29234689,0.29290384,-0.67243287,-0.30247864,0.16104579,0.074130153,0.0080727571,0.002468256,-0.99205575,-0.98730861,-0.99303519,-0.99094128,-0.98557499,-0.99159378,-0.993208,-0.99406949,-0.99779486,0.99309107,0.99058661,0.98999205,-0.99148469,-0.99991441,-0.99979771,-0.99987309,-0.98745844,-0.98561974,-0.99282971,-0.73088867,-0.74724693,-0.87718303,0.12489098,-0.065674529,0.1635376,0.41855834,0.042088217,-0.17175518,-0.092132853,0.56061735,0.30380525,0.12286343,0.16668539,0.19002734,0.056890352,0.49565647,-0.26639418,-0.02590628,-0.039659377,0.047841977,-0.99073608,-0.99628211,-0.99441659,-0.99163232,-0.9964254,-0.99470096,-0.87556449,-0.94963139,-0.76532943,0.84262027,0.9200467,0.81738447,-0.97623095,-0.99994328,-0.99977693,-0.99939108,-0.99236705,-0.99662305,-0.99504483,-0.37847041,-0.27973933,-1.0,0.043027538,-0.17977174,0.2668877,0.30864678,-0.057645372,-0.074224974,0.18144052,-0.033677716,0.1827821,-0.31359282,0.34743094,-0.11480072,-0.41525829,0.60796659,-0.081809083,-0.096360389,-0.043313521,-0.054921535,-0.99329816,-0.99871388,-0.99523662,-0.99386726,-0.99896228,-0.9946676,-0.99122857,-0.99786931,-0.9939093,0.98807749,0.99930643,0.99715925,-0.99737139,-0.9999509,-0.99999603,-0.99996144,-0.99481837,-0.99923056,-0.99398648,-0.65202239,-0.89843397,-0.66856568,0.065642573,-0.32963053,0.15363745,0.026492428,0.056707164,0.020445309,0.16345473,0.23725392,0.34724347,-0.30748736,0.30465633,0.031740268,-0.014210307,0.33630073,0.010558428,-0.9926782,-0.99075276,-0.99107893,-0.99110139,-0.99453452,-0.9926782,-0.9998759,-0.99065591,-0.71351333,0.19674105,-0.19302734,0.26024985,-0.23167836,-0.9926782,-0.99075276,-0.99107893,-0.99110139,-0.99453452,-0.9926782,-0.9998759,-0.99065591,-0.71351333,0.19674105,-0.19302734,0.26024985,-0.23167836,-0.9918857,-0.99512835,-0.99439687,-0.9956328,-0.984654,-0.9918857,-0.99987347,-0.99372479,-0.88067031,0.23419776,-0.20072947,-0.043037329,-0.079173369,-0.97774495,-0.99433826,-0.99377218,-0.99065141,-0.94674328,-0.97774495,-0.99970174,-0.99392253,-0.50841633,0.028306544,-0.14781007,0.15132198,-0.053313067,-0.99715278,-0.99770464,-0.99801676,-0.99589116,-0.98761464,-0.99715278,-0.99998506,-0.99776604,-0.86409981,0.21449448,-0.31554859,0.32513587,-0.30635458,-0.99248045,-0.98436216,-0.99059578,-0.99402045,-0.98396136,-0.98764758,-0.99171749,-0.98469591,-0.98940122,-0.99641493,-0.98532812,-0.98259592,-0.99988788,-0.98794832,-0.99071324,-0.99135261,-0.99995156,-0.99971714,-0.9997538,-0.99022307,-0.98967943,-0.99023802,-1.0,-0.90474776,-0.86879874,-1.0,-0.6,-1.0,-0.19085514,0.097842305,0.24759715,-0.59565448,-0.92224052,-0.29741989,-0.65059019,-0.30258222,-0.55419695,-0.99996674,-0.99992605,-0.99989411,-0.99997187,-0.99990724,-0.99988283,-0.99994818,-0.99999989,-0.99995403,-0.99990677,-0.99991316,-0.99996553,-0.99995151,-0.99994691,-0.9996584,-0.99989607,-0.99990676,-0.99990915,-0.99981577,-0.9995,-0.999875,-0.99995685,-0.99970137,-0.99989121,-0.99970611,-0.99990584,-0.9997121,-0.99986278,-0.99969152,-0.99991432,-0.99987177,-0.99979207,-0.99982945,-0.99963175,-0.99977431,-0.99994798,-0.99975704,-0.99987627,-0.9998117,-0.99983362,-0.99975889,-0.99981443,-0.99183783,-0.98696423,-0.99116571,-0.9930408,-0.98868884,-0.99355584,-0.9914101,-0.98942987,-0.99263866,-0.99441216,-0.98772543,-0.99114494,-0.99120208,-0.99589468,-0.98660578,-0.99078198,-0.99991424,-0.99979771,-0.99987309,-0.98987903,-0.99093023,-0.9889973,-1.0,-1.0,-1.0,-0.28,-0.76,-0.04,0.097257052,-0.03050201,0.22165108,-0.44057635,-0.80405572,-0.46594467,-0.83630621,-0.61204462,-0.84186956,-0.99997387,-0.99992121,-0.9998944,-0.99996418,-0.99990789,-0.99982192,-0.99991231,-0.99998466,-0.99993921,-0.99991091,-0.99987862,-0.9999109,-0.99991548,-0.99990403,-0.99948039,-0.99990443,-0.99989248,-0.99989451,-0.99981905,-0.99939634,-0.99987025,-0.99994736,-0.99979781,-0.9998809,-0.99964231,-0.99988398,-0.99980764,-0.99981782,-0.99982308,-0.99989464,-0.99987766,-0.99980421,-0.99981991,-0.9996258,-0.99969634,-0.9999424,-0.99988036,-0.99987125,-0.99975717,-0.99970593,-0.99990437,-0.99981183,-0.99034818,-0.99646309,-0.99409904,-0.9908131,-0.99609938,-0.99494233,-0.98943356,-0.99644733,-0.99351292,-0.9913694,-0.99726572,-0.99593604,-0.99603241,-0.99656848,-0.99963942,-0.99451,-0.99993913,-0.99998336,-0.99995932,-0.99520201,-0.99685991,-0.99254969,-0.74400248,-0.84774017,-0.88888489,-0.6,-1.0,-0.5862069,-0.22678591,-0.11476483,0.11666946,-0.24758583,-0.64093385,-0.42314822,-0.82278029,-0.46707082,-0.77283984,-0.99993844,-0.99997501,-0.99999403,-0.99997673,-0.99996561,-0.99995781,-0.99996102,-0.9999947,-0.99993867,-0.99998778,-0.99996038,-0.99997593,-0.99993969,-0.99997271,-0.99997528,-0.99999573,-0.99999687,-0.99999722,-0.99999689,-0.99998864,-0.99998448,-0.99998953,-0.99998138,-0.99999649,-0.99999558,-0.99998459,-0.99998185,-0.99999698,-0.99996826,-0.99997127,-0.99997958,-0.99997196,-0.99997753,-0.99994175,-0.99991686,-0.99999991,-0.99996218,-0.99996962,-0.9999737,-0.99995318,-0.99996145,-0.9999744,-0.99041799,-0.99145237,-0.99051162,-0.993118,-0.99530257,-0.99041799,-0.99986336,-0.99288263,-0.94618223,-0.93103448,0.24889236,-0.5038741,-0.7796371,-0.99429431,-0.99521674,-0.99341981,-0.99539091,-0.99132597,-0.99429431,-0.99993266,-0.99396376,-1.0,-0.61904762,0.51903843,-0.68536734,-0.90029545,-0.995842,-0.99401011,-0.99356472,-0.99379715,-0.99932564,-0.995842,-0.99996406,-0.99475063,-0.95605675,-0.94871795,-0.038520373,-0.38040816,-0.68024162,-0.99781292,-0.99725756,-0.99690047,-0.99755294,-0.9958174,-0.99781292,-0.99999034,-0.99644642,-1.0,-1.0,0.2619085,-0.51651817,-0.80890599,-0.20398935,-0.023079465,0.06792353,0.38545921,0.53937366,-0.40577833,-0.60309265
0.28113381,-0.014243095,-0.11355676,-0.99559739,-0.97933847,-0.99000137,-0.99583966,-0.97937597,-0.98947444,-0.9407237,-0.56246974,-0.82813913,0.84941763,0.68599373,0.83729941,-0.99101822,-0.99996932,-0.9998245,-0.99977826,-0.99565855,-0.98214325,-0.99027601,-0.55734955,-0.44695604,-0.7116455,0.24016607,-0.079829709,0.038149134,0.33634627,0.210852,-0.23683992,0.16773618,0.45113871,0.32228389,-0.23836713,0.1780258,-0.081289757,0.12297676,-0.19029078,-0.37209983,-0.40071029,0.64823152,0.78019354,-0.99839211,-0.99641251,-0.99305989,-0.99852574,-0.99621572,-0.99277413,-0.46802484,0.60433979,0.76676556,-0.35122548,0.66454562,0.78124265,0.25399051,-0.99497298,-0.14352841,0.18654643,-0.9987401,-0.9958688,-0.99206689,-0.92562664,-0.76473502,-0.81356422,-0.38205013,0.3984023,-0.41482811,0.43143797,-0.47790547,0.50170007,-0.5633082,0.63893415,-0.4230684,0.42908319,-0.43438408,0.43647177,-0.0068141472,0.12235403,-0.95816614,0.077431344,0.0023877449,0.0033931728,-0.99265055,-0.98560372,-0.99588337,-0.99195038,-0.98276177,-0.99486899,-0.99454397,-0.99373759,-0.99453915,0.99132535,0.99058661,0.99837604,-0.99228814,-0.99992298,-0.99975818,-0.99993075,-0.99045437,-0.9798475,-0.99428134,-0.74494966,-0.72599043,-0.84396457,0.086594318,0.22657983,-0.046516835,0.55724281,0.019644992,-0.25374796,-0.037579576,0.39842265,0.25242649,-0.0068252545,0.046168188,0.36604947,-0.000600159,0.29904095,-0.16876847,-0.023431915,-0.054269299,0.05710564,-0.99033177,-0.99477137,-0.99189979,-0.99094821,-0.99431436,-0.99221386,-0.87500686,-0.95201034,-0.76260946,0.84262027,0.91679362,0.81837756,-0.98293915,-0.99992956,-0.99990394,-0.99960689,-0.99292572,-0.99287015,-0.99271062,-0.27298142,-0.24941967,-0.9782363,0.0087054034,-0.16640001,0.2992586,0.26844894,-0.094457653,-0.037686272,0.13768678,0.013587923,0.22812082,-0.35733805,0.31516302,0.019564664,-0.35678349,0.54637685,-0.55724808,-0.10112994,-0.042800599,-0.052383203,-0.99212214,-0.99927911,-0.99544027,-0.99196031,-0.99942478,-0.99480929,-0.99425761,-0.99962842,-0.9964455,0.98807749,0.9992226,0.99781708,-0.99712193,-0.99993765,-0.99999798,-0.99996353,-0.99203225,-0.99953846,-0.99323147,-0.6396188,-0.95188267,-0.66234173,-0.020840544,-0.29998666,-0.010036995,0.28907714,0.010218586,0.090151788,0.065162496,0.54591627,0.37115371,-0.36304417,0.25820341,-0.06732605,0.024360417,0.46657175,-0.050120621,-0.99166142,-0.98961703,-0.98991496,-0.98926281,-0.99882215,-0.99166142,-0.99985337,-0.99037198,-0.69350254,0.10611566,-0.17219291,0.18049505,0.010676815,-0.99166142,-0.98961703,-0.98991496,-0.98926281,-0.99882215,-0.99166142,-0.99985337,-0.99037198,-0.69350254,0.10611566,-0.17219291,0.18049505,0.010676815,-0.99261878,-0.99671849,-0.99590854,-0.99692785,-0.984654,-0.99261878,-0.99989217,-0.9947455,-0.91373715,0.1297245,-0.042824265,-0.081565562,-0.14594244,-0.98350368,-0.99154593,-0.99037182,-0.99214051,-0.98247709,-0.98350368,-0.99980918,-0.9897095,-0.37509607,-0.12583002,-0.099179665,0.27295859,-0.10761217,-0.99681897,-0.99804063,-0.99829725,-0.99589116,-0.99379699,-0.99681897,-0.99998388,-0.99795141,-0.86388416,0.42865146,-0.29213221,0.018030744,-0.29287635,-0.99424712,-0.98013317,-0.99241777,-0.99625545,-0.97910344,-0.98832462,-0.99429927,-0.98007905,-0.99002304,-0.99825418,-0.98616186,-0.98142632,-0.9979058,-0.99693976,-0.99544244,-0.99157612,-0.99997122,-0.99958111,-0.99978539,-0.98824976,-0.99152431,-0.98825442,-1.0,-0.81220504,-0.94419022,-0.41935484,-0.53333333,-1.0,-0.021336604,0.056502548,0.11754902,-0.71288638,-0.96471209,-0.42011886,-0.80773034,-0.17929338,-0.39083943,-0.99998829,-0.99994273,-0.99990289,-0.99996855,-0.99982045,-0.999884,-0.99998223,-0.99999931,-0.99997615,-0.99991332,-0.99985934,-0.99998797,-0.99997268,-0.99991866,-0.99958427,-0.99971273,-0.99991743,-0.99987019,-0.99981844,-0.99949494,-0.99973885,-0.99983603,-0.99955025,-0.99989026,-0.99970612,-0.99977173,-0.99957587,-0.99983395,-0.9997379,-0.99981056,-0.99991984,-0.99994769,-0.99982397,-0.99967575,-0.99978408,-0.99997601,-0.99976067,-0.9999633,-0.9998187,-0.99984895,-0.99977238,-0.99992767,-0.99274683,-0.98587308,-0.99476984,-0.99317475,-0.98626549,-0.99554393,-0.98971829,-0.98676659,-0.99510501,-0.99672882,-0.98751997,-0.99624027,-0.99405922,-0.99078512,-0.99736408,-0.99223331,-0.99992284,-0.99975839,-0.99993077,-0.984076,-0.99052551,-0.99581894,-1.0,-1.0,-1.0,0.28,-0.72,-0.2,0.139284,-0.17398746,0.076440046,-0.67959959,-0.9601832,-0.44145485,-0.85908258,-0.66988009,-0.92080162,-0.99999006,-0.99993562,-0.99991146,-0.99996509,-0.99981303,-0.99983375,-0.99996235,-0.99999499,-0.99995568,-0.99992485,-0.99981977,-0.99996207,-0.9999352,-0.99986515,-0.99945781,-0.99984424,-0.99989202,-0.99983773,-0.99986636,-0.99938573,-0.9998627,-0.9999716,-0.9997379,-0.9998538,-0.99967627,-0.99988045,-0.99976386,-0.9997953,-0.99987069,-0.99981366,-0.99992036,-0.99995743,-0.99984891,-0.99967391,-0.99966413,-0.99999649,-0.99982798,-0.99996799,-0.99979389,-0.99968157,-0.9999104,-0.99991929,-0.98838931,-0.99697083,-0.99241147,-0.99087567,-0.99351832,-0.99230507,-0.98869345,-0.99672606,-0.99154704,-0.99128144,-0.99189258,-0.99314091,-0.99500336,-0.9966326,-0.9990136,-0.9936177,-0.99993452,-0.99997266,-0.99993083,-0.9913243,-0.99856976,-0.99468105,-0.73937061,-0.91074218,-0.8172859,-0.53333333,-1.0,-1.0,-0.08656199,-0.16759022,-0.084254424,-0.34484245,-0.7050518,0.39055336,0.090000357,-0.27727129,-0.61925354,-0.99994453,-0.99991219,-0.99997775,-0.999969,-0.99997016,-0.99994997,-0.99992898,-0.99996817,-0.99993524,-0.99997154,-0.99996034,-0.99994634,-0.99993542,-0.99996712,-0.99995551,-0.99999455,-0.99999895,-0.99999719,-0.99999852,-0.99998992,-0.99999046,-0.99998367,-0.9999673,-0.99999843,-0.99999716,-0.99998625,-0.99996978,-0.99999745,-0.99994075,-0.99996206,-0.9999817,-0.9999768,-0.99997495,-0.99995668,-0.99989213,-0.9999994,-0.99993291,-0.99997398,-0.99997583,-0.99993898,-0.99993261,-0.9999784,-0.99143696,-0.98898694,-0.98779898,-0.98898513,-0.99902928,-0.99143696,-0.99984074,-0.99360153,-0.94618223,-1.0,0.096772012,-0.25366184,-0.51487306,-0.99655821,-0.99558011,-0.99399095,-0.99552577,-0.9951592,-0.99655821,-0.9999572,-0.99254308,-1.0,-1.0,0.36898757,-0.66244496,-0.86365644,-0.99260808,-0.99200846,-0.99167181,-0.99268854,-0.99726164,-0.99260808,-0.99993453,-0.9933877,-0.83012918,-1.0,0.033173748,-0.3829467,-0.72395363,-0.99780777,-0.99823732,-0.99792428,-0.99841549,-0.99988532,-0.99780777,-0.99999219,-0.99662977,-1.0,-1.0,0.36701901,-0.75241979,-0.88405491,0.07743432,0.18477361,0.13960608,0.10798943,0.53995886,-0.40658667,-0.60229698
0.28432988,-0.014137142,-0.11275629,-0.99454916,-0.98556839,-0.9890544,-0.99532232,-0.98623155,-0.98842559,-0.93679884,-0.56290421,-0.82813913,0.84941763,0.6924325,0.83729941,-0.99141012,-0.99995302,-0.9998888,-0.99976729,-0.99591633,-0.98933363,-0.98600725,-0.47223663,-0.49754462,-0.66621607,0.04561113,0.061945961,-0.19819672,0.45268246,0.26452136,-0.31160185,0.41947463,0.040113654,0.39189237,-0.2617597,0.27964535,-0.070654211,0.01804826,-0.25960971,-0.3768223,-0.39973242,0.64964495,0.77870785,-0.99548369,-0.99501235,-0.99379736,-0.99544332,-0.9950705,-0.99434161,-0.46600008,0.6070404,0.76449839,-0.35100325,0.66580747,0.77838593,0.25573937,-0.99483835,-0.13989006,0.18199856,-0.99563319,-0.99577004,-0.99615673,-0.68946118,-0.8869892,-0.78078356,-0.36923003,0.43321691,-0.49850522,0.56513106,-0.4212232,0.41575224,-0.45035871,0.50123913,-0.34093543,0.3557486,-0.37040427,0.38248632,0.98636558,-0.85754507,-0.92690989,0.079314865,0.0073540945,-0.011160886,-0.99231285,-0.98842066,-0.9914806,-0.99274545,-0.98667548,-0.98937136,-0.99417501,-0.99176192,-0.99261952,0.98863549,0.9910834,0.98713471,-0.99174628,-0.99991813,-0.9998218,-0.99983812,-0.99270556,-0.98663898,-0.98522302,-0.76124416,-0.75786138,-0.73376582,-0.083494957,0.30942307,-0.24609024,0.40971466,0.19243432,-0.35045366,0.32032933,0.2995764,0.25434568,-0.094974497,0.09787411,0.3391155,-0.29662936,0.20577879,-0.14138588,-0.023363902,-0.065991562,0.072188782,-0.99279597,-0.99751393,-0.99265617,-0.99406468,-0.99756514,-0.99250065,-0.87500686,-0.95477853,-0.75690783,0.84398237,0.91679362,0.82280888,-0.99198064,-0.9999524,-0.99997866,-0.99986778,-0.99568692,-0.99757479,-0.99252123,-0.3199869,-0.41032142,-0.84794109,0.096009689,-0.23739532,0.23358099,0.38191557,0.014974282,-0.092400113,0.16817507,0.016740196,0.18057784,-0.24040315,0.18972218,0.091532441,-0.40664101,0.27392449,-0.21973162,-0.097247455,-0.042105568,-0.051785105,-0.99535196,-0.99899659,-0.99542135,-0.99543159,-0.99909142,-0.99524683,-0.99425761,-0.99942993,-0.99100481,0.99629073,0.9992226,0.99706662,-0.99800653,-0.99997071,-0.99999705,-0.99996333,-0.99537519,-0.99906065,-0.99381492,-0.73833759,-0.93043881,-0.67316045,0.042627654,-0.28772059,-0.17157541,0.62390613,0.10394852,0.026670294,0.20773425,0.1384025,0.29923574,-0.22710826,0.21674425,-0.086493185,0.07015786,0.26924141,-0.044212662,-0.99226175,-0.99166978,-0.99258801,-0.98926281,-0.99882215,-0.99226175,-0.99987321,-0.99377627,-0.76641285,0.23580592,-0.240542,0.070063166,0.1557347,-0.99226175,-0.99166978,-0.99258801,-0.98926281,-0.99882215,-0.99226175,-0.99987321,-0.99377627,-0.76641285,0.23580592,-0.240542,0.070063166,0.1557347,-0.99161717,-0.99462295,-0.99455269,-0.99339545,-0.98352146,-0.99161717,-0.99986671,-0.99397331,-0.85398365,0.33459428,-0.10789873,-0.18575337,-0.22537511,-0.99166702,-0.99226672,-0.99187447,-0.99249242,-0.9935536,-0.99166702,-0.99992638,-0.99281437,-0.45258796,0.063731049,-0.21790316,0.19621568,0.021929927,-0.99788461,-0.99858446,-0.99852535,-0.998377,-0.99379699,-0.99788461,-0.9999901,-0.99821629,-0.87350409,0.49139456,-0.39942735,0.14913352,-0.33688959,-0.99348631,-0.98511135,-0.98783914,-0.99499491,-0.98562141,-0.98989477,-0.99396576,-0.98509351,-0.98891086,-0.99641489,-0.99055839,-0.98808063,-0.99792557,-0.99795316,-0.982644,-0.99116318,-0.99996152,-0.99975193,-0.99975994,-0.99188575,-0.98839138,-0.98688242,-1.0,-0.83986013,-0.90357248,-0.41935484,-0.6,-1.0,0.01059375,0.01131654,0.35274317,-0.47425242,-0.83611451,-0.50167358,-0.84882859,-0.56733264,-0.79117003,-0.9999788,-0.99992209,-0.99995969,-0.99991336,-0.99981893,-0.99988494,-0.99998517,-0.99998803,-0.99996249,-0.99994558,-0.99985874,-0.99998614,-0.99996403,-0.99987897,-0.99975529,-0.9998331,-0.99988055,-0.99991279,-0.99983555,-0.99972535,-0.99974771,-0.99999475,-0.99974322,-0.99986694,-0.99980704,-0.99984413,-0.99974572,-0.99989687,-0.99974541,-0.99979855,-0.9998178,-0.99992603,-0.99978341,-0.99965199,-0.99938177,-0.99975079,-0.9997628,-0.99989038,-0.99977963,-0.99949632,-0.99975323,-0.99990105,-0.99280324,-0.98789567,-0.98827682,-0.99238528,-0.98998442,-0.99373541,-0.98935012,-0.99041598,-0.99334695,-0.99533925,-0.99145728,-0.99454165,-0.99698114,-0.99387367,-0.98519287,-0.99042865,-0.99991801,-0.99982182,-0.99983824,-0.98972559,-0.99116964,-0.99333249,-1.0,-1.0,-1.0,-0.44,-0.12,-0.48,0.10897428,-0.072201226,0.094223379,-0.51809293,-0.8777461,-0.53481551,-0.90315544,-0.81382372,-0.93527003,-0.99997383,-0.99991368,-0.99996705,-0.99989661,-0.99981808,-0.99986245,-0.9999791,-0.99999859,-0.99993436,-0.99993884,-0.99983497,-0.99997922,-0.99993957,-0.99982481,-0.99970441,-0.99989049,-0.99985398,-0.9999128,-0.99986059,-0.99964684,-0.9996745,-0.99996499,-0.99983792,-0.99986143,-0.99978308,-0.99971516,-0.99981986,-0.99988363,-0.99965682,-0.9997507,-0.99981565,-0.99991585,-0.9998127,-0.99954825,-0.99941393,-0.9999378,-0.99969817,-0.99989414,-0.99972822,-0.99943744,-0.99978109,-0.99986824,-0.9925021,-0.99792327,-0.99326572,-0.99283015,-0.99717564,-0.99295724,-0.99102117,-0.99776962,-0.9931461,-0.99489482,-0.99752439,-0.99393377,-0.99915605,-0.99888673,-0.99854008,-0.99576901,-0.99996007,-0.9999904,-0.99994005,-0.99812885,-0.99864306,-0.99544814,-0.78425315,-0.89492156,-0.88888489,-0.6,-0.93548387,-1.0,-0.3199674,-0.087140434,0.04496813,-0.43788832,-0.81007796,-0.32962039,-0.7402598,-0.18404657,-0.56291476,-0.99996225,-0.99996294,-0.99999741,-0.99999314,-0.99997578,-0.99994091,-0.99999555,-0.99999968,-0.99995933,-0.9999972,-0.99996055,-0.99999739,-0.99996017,-0.99998462,-0.99998625,-0.99999584,-0.99999863,-0.99999681,-0.99999841,-0.99999128,-0.99998922,-0.99999781,-0.99998884,-0.99999802,-0.99999734,-0.99999151,-0.99998963,-0.99999722,-0.99994638,-0.99997545,-0.99998054,-0.99996852,-0.99998491,-0.99993767,-0.99992539,-0.9999952,-0.99994276,-0.99996887,-0.99997801,-0.99995596,-0.99994225,-0.99997337,-0.99233896,-0.9914843,-0.99042996,-0.99411505,-0.98578246,-0.99233896,-0.99988055,-0.99180319,-0.94618223,-0.44827586,0.31382684,-0.50058895,-0.80200101,-0.99367328,-0.99499068,-0.99385808,-0.9939861,-0.9898957,-0.99367328,-0.99992475,-0.99474679,-1.0,-1.0,0.49236249,-0.53994081,-0.78328053,-0.99466775,-0.99171868,-0.99216284,-0.99013261,-0.99794795,-0.99466775,-0.99994293,-0.99440303,-0.92407535,-1.0,-0.13260282,-0.029283908,-0.31140776,-0.998528,-0.9982878,-0.99839748,-0.99785749,-0.99724202,-0.998528,-0.99999453,-0.99838742,-1.0,-1.0,0.57976105,-0.30348768,-0.59005954,0.0045502472,0.61025183,0.14979477,-0.069167943,0.5392572,-0.40796486,-0.60081264
0.28079403,-0.014619236,-0.11250106,-0.99384472,-0.99305693,-0.99147191,-0.99456009,-0.99294875,-0.99131735,-0.93679884,-0.57193744,-0.82868505,0.84551012,0.69418863,0.83972387,-0.99390195,-0.999953,-0.99995276,-0.99982623,-0.99499672,-0.99342631,-0.98928966,-0.51971117,-0.60027368,-0.68563702,-0.064392284,0.18475198,-0.29668985,0.49364859,0.3612255,-0.24572183,0.40353502,-0.13519946,0.44006945,-0.17050979,0.025687712,0.21033066,-0.23006601,-0.14230944,-0.20787635,-0.39751536,0.65161043,0.77672256,-0.99355838,-0.99295792,-0.98948463,-0.99335671,-0.99289119,-0.98920564,-0.464187,0.60859534,0.7644589,-0.35007178,0.66644867,0.77734369,0.26003529,-0.99452756,-0.13481731,0.17593897,-0.99272993,-0.99298004,-0.98911266,-0.9146903,-0.71933811,-0.72709366,-0.44233585,0.46443115,-0.48686366,0.50974455,0.081211192,-0.12111823,0.087908949,-0.023649911,-0.18100306,0.19971784,-0.21855728,0.23535466,0.99074929,-0.97697926,-0.98544228,0.073644893,0.010291133,-0.0091579785,-0.99225096,-0.9897132,-0.99016974,-0.99266453,-0.98801113,-0.98847799,-0.99153808,-0.99176192,-0.99124608,0.98863549,0.99566394,0.98713471,-0.99177766,-0.99991725,-0.99984831,-0.99980693,-0.99231896,-0.98714809,-0.98687899,-0.75741954,-0.74823601,-0.74683666,-0.20699546,0.3890268,-0.28148376,0.31113857,0.30177349,-0.088245814,0.44756579,0.43094199,0.20548343,0.12682135,-0.101662,0.44016477,-0.24243827,0.19332257,-0.23069302,-0.026345786,-0.069184215,0.08145343,-0.99645753,-0.99803927,-0.99484405,-0.99646255,-0.99816037,-0.99480766,-0.88430857,-0.95569007,-0.75651908,0.84509083,0.91580887,0.82794908,-0.99615572,-0.99998751,-0.99998857,-0.99995738,-0.99654585,-0.99807074,-0.99538346,-0.52045471,-0.50642132,-0.70967205,0.23501579,-0.26333972,0.29116158,0.1263973,0.059944688,-0.047033961,0.060407547,0.094142863,0.070305729,-0.040063833,-0.041589536,0.3247664,-0.28324158,0.055505879,-0.014382144,-0.10121129,-0.041489485,-0.054283365,-0.99779562,-0.99869383,-0.99659406,-0.99761102,-0.99873509,-0.99676594,-0.99699647,-0.99883242,-0.99100481,0.99807219,0.99912991,0.99706662,-0.99876986,-0.99998875,-0.99999597,-0.99997473,-0.99676231,-0.99863592,-0.99712203,-0.83344524,-0.85192691,-0.73334022,0.3117755,-0.25067592,0.2167924,0.15992939,0.13381473,0.1078534,0.20931672,0.033818842,0.072595346,0.047814745,-0.058026799,0.17035671,-0.0022604771,-0.071923682,0.16001143,-0.99490042,-0.99385379,-0.99492968,-0.99080336,-0.99420047,-0.99490042,-0.99992357,-0.99546796,-0.80784606,0.43329163,-0.39999315,0.32809,-0.17970741,-0.99490042,-0.99385379,-0.99492968,-0.99080336,-0.99420047,-0.99490042,-0.99992357,-0.99546796,-0.80784606,0.43329163,-0.39999315,0.32809,-0.17970741,-0.99167352,-0.99306899,-0.99310331,-0.99339545,-0.98691976,-0.99167352,-0.9998598,-0.9940646,-0.84017391,0.21484324,-0.19849867,-0.21024512,0.11894461,-0.99625338,-0.99799235,-0.99747193,-0.99885606,-0.99588554,-0.99625338,-0.99997865,-0.99747673,-0.72121739,0.20265858,-0.25586552,0.16928372,-0.076402955,-0.99870946,-0.99929182,-0.99926838,-0.998377,-0.99236981,-0.99870946,-0.99999468,-0.99907529,-0.9325558,0.67945907,-0.57864842,0.12300002,-0.24972405,-0.99347756,-0.99055943,-0.98923157,-0.99389835,-0.99394869,-0.99294721,-0.99279844,-0.99167608,-0.99148668,-0.99621568,-0.99685661,-0.99237905,-0.99512819,-0.99810706,-0.9868147,-0.99329985,-0.99995439,-0.99990639,-0.9998231,-0.99060074,-0.98883917,-0.99003721,-0.94635692,-1.0,-0.90357248,-1.0,-0.4,-1.0,-0.12292555,0.26080223,0.49669856,-0.42933976,-0.82582918,-0.75446806,-0.96555581,-0.69810561,-0.87688427,-0.99997634,-0.99989855,-0.99996907,-0.99989134,-0.99985813,-0.99993334,-0.99999116,-0.99999646,-0.9999536,-0.99994706,-0.99990139,-0.99999295,-0.99995644,-0.99988377,-0.99994198,-0.99989559,-0.99987917,-0.99985461,-0.99986114,-0.99982377,-0.99975543,-0.9999983,-0.99991841,-0.99984878,-0.9998635,-0.99985034,-0.99990558,-0.99987139,-0.99988458,-0.9997117,-0.99979946,-0.99984531,-0.99975089,-0.99943628,-0.99965506,-0.99982525,-0.99984604,-0.99984944,-0.99969715,-0.99971231,-0.99982969,-0.99981982,-0.99283672,-0.98986957,-0.9872934,-0.99221667,-0.99022693,-0.99189454,-0.99001553,-0.98930321,-0.99111001,-0.99433945,-0.99182082,-0.99343856,-0.99535293,-0.99676254,-0.98507364,-0.99071965,-0.99991711,-0.99984829,-0.99980701,-0.99003768,-0.99079688,-0.98740075,-1.0,-1.0,-1.0,-0.48,-0.12,-0.36,0.086525358,0.099055416,0.19643023,-0.41555891,-0.81439853,-0.58420429,-0.94177726,-0.73331876,-0.93385138,-0.9999886,-0.99989772,-0.99996138,-0.99987472,-0.99985851,-0.99989801,-0.99998797,-0.99999643,-0.99993073,-0.99992471,-0.99987677,-0.99998752,-0.99993449,-0.99983674,-0.9999417,-0.9999065,-0.99983374,-0.99985412,-0.99986969,-0.99976408,-0.99969166,-0.99997034,-0.99990832,-0.99981899,-0.99984055,-0.99973082,-0.99986215,-0.999869,-0.99988191,-0.99972467,-0.99983356,-0.99981907,-0.99969911,-0.99950646,-0.99947253,-0.99994069,-0.99975581,-0.99985598,-0.99962872,-0.99949337,-0.99981893,-0.99977039,-0.99593482,-0.99812553,-0.99472956,-0.99655494,-0.99791236,-0.99524766,-0.99687434,-0.99796548,-0.99366433,-0.9955858,-0.99812149,-0.9960918,-0.99593738,-0.99907843,-0.99787948,-0.99747366,-0.99998684,-0.99999295,-0.99996353,-0.99742848,-0.99893903,-0.99561473,-0.92037074,-0.95530222,-0.95273437,-1.0,-1.0,-1.0,0.18104491,-0.014892229,0.0050273847,-0.035310784,-0.39098625,-0.51188356,-0.84915818,-0.49538522,-0.79620673,-0.99998713,-0.99999119,-0.99999523,-0.99999105,-0.9999799,-0.99995702,-0.99997176,-0.99999387,-0.99998687,-0.99999459,-0.99996997,-0.99998156,-0.99998712,-0.99998582,-0.99999056,-0.9999967,-0.99999906,-0.99999313,-0.99999904,-0.99998701,-0.99999112,-0.99999977,-0.9999923,-0.99999731,-0.99999698,-0.99999369,-0.99999305,-0.99999429,-0.99997443,-0.99995925,-0.99999186,-0.99997456,-0.99998842,-0.99995547,-0.99998367,-0.99999843,-0.99996402,-0.99998259,-0.99998539,-0.9999903,-0.99996493,-0.99997982,-0.99345023,-0.99420004,-0.99394439,-0.99503332,-0.99462493,-0.99345023,-0.99991859,-0.9962362,-1.0,-0.44827586,0.46981483,-0.47867839,-0.7658812,-0.99276052,-0.99201211,-0.99007518,-0.9939334,-0.98550564,-0.99276052,-0.99989675,-0.99034418,-1.0,-0.74603175,0.28112222,-0.52225516,-0.84560408,-0.99829725,-0.99793445,-0.99786711,-0.9975682,-0.99868648,-0.99829725,-0.99999091,-0.99731394,-1.0,-0.94871795,0.25666162,-0.53115792,-0.77863087,-0.9991404,-0.99919447,-0.99901533,-0.99948728,-0.99573681,-0.9991404,-0.99999751,-0.99826209,-1.0,-1.0,0.74236422,-0.8273388,-0.95858514,0.046932819,0.55934142,0.0014018802,0.14507518,0.53767726,-0.40982527,-0.5987589
0.27829707,-0.016851152,-0.11020611,-0.9955177,-0.99322664,-0.99461058,-0.9962448,-0.99204754,-0.99451501,-0.94166174,-0.57357844,-0.82243612,0.84551012,0.69379728,0.8442234,-0.9964564,-0.99997107,-0.99996514,-0.99991158,-0.99691501,-0.99117562,-0.99084409,-0.63323942,-0.68277322,-0.66095087,0.026137525,0.085106341,-0.12438082,0.28990184,0.25401149,-0.026825034,0.091984888,0.18957137,0.42406717,-0.066003433,-0.13962415,0.3446587,-0.50823784,-0.030507822,-0.19160817,-0.39634542,0.6532519,0.77522344,-0.99822747,-0.99724786,-0.99853755,-0.99829229,-0.99732106,-0.99890037,-0.464187,0.60901376,0.76088118,-0.34753626,0.66919765,0.77668832,0.26273687,-0.99436225,-0.1305738,0.17136592,-0.99829413,-0.99773775,-0.9993935,-1.0,-1.0,-1.0,-0.40607732,0.41383532,-0.42138841,0.4288611,-0.063666997,0.024372784,-0.047739706,0.097712622,-0.17861759,0.20203311,-0.22518342,0.24586427,0.112728,-0.39940934,-0.59620563,0.070915452,0.01281197,-0.0040038691,-0.99440997,-0.98953144,-0.99170359,-0.9943341,-0.98694692,-0.99095112,-0.99153808,-0.99564988,-0.99124608,0.99417139,0.99487849,0.99115403,-0.99307062,-0.99994622,-0.99984468,-0.99984339,-0.99238603,-0.98445126,-0.99217606,-0.78694919,-0.7627508,-0.7939587,-0.0055369017,0.19141631,0.055876874,0.041958805,0.15348581,0.20315208,0.19265431,0.46171242,0.13044818,0.29957509,-0.2197507,0.5364378,-0.24357264,0.37862608,-0.24760631,-0.029235574,-0.071743749,0.083304576,-0.99675454,-0.99823505,-0.99543712,-0.99685812,-0.99830015,-0.99560736,-0.88430857,-0.95569007,-0.75651908,0.8443768,0.91580887,0.82760797,-0.99722899,-0.99998852,-0.99999284,-0.99996813,-0.99719312,-0.99824144,-0.99637052,-0.73101965,-0.5799392,-0.70211791,0.11877764,-0.16404371,0.27940274,0.070246957,0.034536246,0.0073170038,-0.00022104949,0.18324496,0.23947483,-0.18001564,0.016628053,0.40996977,-0.44172534,0.10004914,-0.1050476,-0.10071242,-0.03972955,-0.052374795,-0.99784353,-0.99884155,-0.99686714,-0.99772743,-0.99890792,-0.99709034,-0.99699647,-0.99883242,-0.99498355,0.99808188,0.99912991,0.99713291,-0.99895274,-0.99998906,-0.99999651,-0.99997716,-0.99767038,-0.99879592,-0.99767154,-0.82378673,-0.84346773,-0.74395672,0.19584523,-0.1924348,0.21034047,0.17002368,0.044422207,0.19738159,0.10130338,0.24678987,0.22829723,-0.043114509,-0.031879488,0.3271411,-0.039423434,-0.050592828,0.22077822,-0.99715706,-0.99731176,-0.99749933,-0.99522368,-0.99502542,-0.99715706,-0.99996641,-0.99594804,-0.86040917,0.49154041,-0.3672299,0.34831911,-0.43369202,-0.99715706,-0.99731176,-0.99749933,-0.99522368,-0.99502542,-0.99715706,-0.99996641,-0.99594804,-0.86040917,0.49154041,-0.3672299,0.34831911,-0.43369202,-0.9930358,-0.99459368,-0.99406582,-0.99410439,-0.98691976,-0.9930358,-0.99988902,-0.99330746,-0.87130303,0.11661506,-0.44918039,0.077796524,0.31940652,-0.99708985,-0.99810031,-0.99746662,-0.9989634,-0.99588554,-0.99708985,-0.99998417,-0.99702592,-0.73855115,0.3201344,-0.34762896,0.27343174,-0.23490994,-0.99890721,-0.99926012,-0.99906111,-0.99938363,-0.99372458,-0.99890721,-0.99999544,-0.99884443,-0.90205414,0.61717917,-0.53173896,0.19370464,-0.30644243,-0.99460944,-0.99005164,-0.99309399,-0.99590086,-0.99460959,-0.99528677,-0.99486346,-0.99277018,-0.99293488,-0.99677144,-0.99660984,-0.99614706,-0.99260143,-0.99231712,-0.99578879,-0.99503014,-0.99997052,-0.99990924,-0.99989654,-0.99027022,-0.98854936,-0.98526842,-1.0,-1.0,-0.94419022,-0.41935484,-0.93333333,-0.84615385,-0.01141803,0.36717103,0.41117975,-0.47266699,-0.82412419,-0.71438132,-0.93897117,-0.85209735,-0.95352916,-0.99998378,-0.99994571,-0.99993799,-0.99988812,-0.99991945,-0.9999319,-0.99998397,-0.99998111,-0.99997343,-0.99991942,-0.99993919,-0.99998302,-0.99997265,-0.99989965,-0.99994122,-0.99992431,-0.99983759,-0.99984794,-0.99967836,-0.99985105,-0.99986595,-0.9999604,-0.99993261,-0.99980668,-0.99974036,-0.99990181,-0.99991122,-0.99982814,-0.99992884,-0.99979531,-0.99987551,-0.99980859,-0.99980988,-0.99938296,-0.99996512,-0.99998557,-0.99990839,-0.99988464,-0.99973111,-0.99998012,-0.99990561,-0.99980326,-0.99426949,-0.98890973,-0.99087724,-0.99508422,-0.99115995,-0.99094083,-0.9935182,-0.99004459,-0.98999105,-0.99662708,-0.99302586,-0.99170816,-0.99751076,-0.99088578,-0.99967646,-0.99245128,-0.99994619,-0.99984465,-0.9998434,-0.99314254,-0.98913939,-0.9873322,-1.0,-1.0,-1.0,-0.04,-0.28,0.16,0.11627923,0.11601978,0.14257576,-0.56448658,-0.88213811,-0.64015932,-0.96199654,-0.60763395,-0.89733217,-0.99998393,-0.99995682,-0.99995309,-0.99989379,-0.99991576,-0.99992484,-0.99997256,-0.9999909,-0.99996653,-0.99992653,-0.99992626,-0.99997132,-0.9999599,-0.99988408,-0.9999281,-0.99994644,-0.99979671,-0.99985136,-0.9997024,-0.99982608,-0.99985984,-0.99990006,-0.99994134,-0.99979067,-0.99973094,-0.99986892,-0.99986986,-0.99982496,-0.99993796,-0.99977342,-0.99988762,-0.99978644,-0.99979153,-0.99938608,-0.99996018,-0.99999883,-0.99981743,-0.99986765,-0.99966301,-0.99996274,-0.99988329,-0.99976405,-0.99622442,-0.99824729,-0.99535686,-0.99685715,-0.99816064,-0.99577834,-0.99677877,-0.99852919,-0.99507892,-0.99623191,-0.99765389,-0.99592235,-0.99697975,-0.99891292,-0.9972413,-0.99778695,-0.99998842,-0.99999382,-0.99996907,-0.99600229,-0.99829977,-0.99362127,-0.92037074,-0.95530222,-0.91833498,-1.0,-1.0,-1.0,0.12434999,0.052318954,0.061908366,-0.13794503,-0.49801485,-0.31995357,-0.66206522,-0.35961495,-0.67025288,-0.99998862,-0.99999298,-0.99999079,-0.99999609,-0.99996911,-0.999986,-0.99997811,-0.99999233,-0.99998853,-0.99999307,-0.99997429,-0.99998442,-0.99998851,-0.99999071,-0.99999118,-0.99999747,-0.99999871,-0.99999539,-0.99999656,-0.99999157,-0.99999516,-0.99999855,-0.99999322,-0.99999766,-0.99999591,-0.999996,-0.99999373,-0.99999568,-0.99997362,-0.99998052,-0.99998244,-0.999989,-0.99996484,-0.99996564,-0.99996826,-0.99999799,-0.99997037,-0.99998059,-0.99997082,-0.99998141,-0.99996999,-0.99998526,-0.99613138,-0.99805989,-0.99744295,-0.99869011,-0.99237123,-0.99613138,-0.99996901,-0.99717558,-1.0,-0.65517241,0.65256032,-0.79410815,-0.93113297,-0.99531922,-0.99187974,-0.98914075,-0.99493204,-0.99419738,-0.99531922,-0.99992349,-0.98921139,-1.0,-1.0,0.065267779,-0.61353962,-0.90894588,-0.99836256,-0.99806177,-0.99803421,-0.99763978,-0.99494428,-0.99836256,-0.9999915,-0.99772922,-1.0,-1.0,0.28102091,-0.47778921,-0.74983694,-0.99907861,-0.99933359,-0.99903231,-0.9998405,-0.99924324,-0.99907861,-0.99999752,-0.99801841,-1.0,-0.36507937,0.74825505,-0.95523732,-0.99067325,0.37606147,0.099323396,0.084051999,-0.31445066,0.53684732,-0.41132266,-0.59713843
0.27549643,-0.019049384,-0.10734832,-0.99470465,-0.99373691,-0.98875427,-0.99523634,-0.99315878,-0.98947808,-0.94166174,-0.57357844,-0.81530213,0.84620481,0.69136496,0.84213545,-0.99456737,-0.99996283,-0.99996193,-0.99978785,-0.99573162,-0.99286274,-0.98933475,-0.67587898,-0.77484076,-0.53829558,0.089634333,-0.15744503,0.22299629,0.063900237,0.42869559,-0.25749728,0.25524584,0.055309985,0.22702927,0.0045003111,-0.023072448,0.0013451017,-0.25165972,-0.30141402,-0.31201043,-0.39633923,0.65333239,0.77479075,-0.99853129,-0.99700545,-0.99680638,-0.99855337,-0.99723159,-0.99664837,-0.46420609,0.60901376,0.76037195,-0.34720415,0.66907242,0.77619862,0.26181117,-0.9943614,-0.13036522,0.17004958,-0.99859196,-0.99810371,-0.99630314,-1.0,-1.0,-1.0,-0.53347641,0.54463265,-0.55552932,0.56629518,-0.12864456,0.079652255,-0.088238501,0.12185462,-0.19941949,0.21700938,-0.23420546,0.24880982,0.20323278,-0.78466033,-0.095725458,0.075831826,0.017672882,0.0121727,-0.99535409,-0.99082259,-0.98943611,-0.99493407,-0.98880971,-0.98969011,-0.99712125,-0.99564988,-0.99001856,0.99470235,0.99487849,0.97850603,-0.99334854,-0.99995755,-0.99986958,-0.99978857,-0.99285677,-0.98711904,-0.99219973,-0.80735107,-0.7881567,-0.74801934,0.084166683,-0.08604675,0.23557423,0.095406687,0.3392105,0.0053312938,0.28450104,0.53819652,0.10417512,0.18520735,0.038868343,0.10845794,-0.21776059,0.50724956,-0.16777786,-0.029150274,-0.075623981,0.086677415,-0.99686162,-0.99859215,-0.99540228,-0.9967144,-0.99861703,-0.99552287,-0.88576671,-0.95635725,-0.75740244,0.84431284,0.9154621,0.82760797,-0.99740417,-0.99998919,-0.99999519,-0.99997133,-0.99660506,-0.99850985,-0.9947197,-0.70710626,-0.73098616,-0.61384603,0.010542955,-0.081527851,0.26211496,-0.018904953,0.06614487,-0.11187488,0.25021562,-0.087350154,0.30967568,-0.15479853,-0.033013232,0.37184729,-0.55684433,0.31180904,-0.39035909,-0.096661022,-0.041434661,-0.05320236,-0.99849943,-0.99987015,-0.99559024,-0.99831809,-1.0,-0.99578392,-0.99794599,-0.99938054,-0.99375842,0.99808188,0.99933858,0.99713291,-0.99937382,-0.99999288,-0.99999967,-0.99996507,-0.99759034,-0.99995546,-0.99694083,-0.8266521,-0.96321766,-0.72380439,0.10458316,-0.10754647,0.14106905,0.33853096,0.15113852,0.0409921,0.2916529,0.24832682,0.31399919,0.058275953,0.05744409,0.18253715,0.10555562,-0.088110825,0.01054772,-0.99503532,-0.99393238,-0.99419915,-0.99225132,-0.99600518,-0.99503532,-0.99992583,-0.99397369,-0.77249364,0.35156969,-0.28410321,0.098281248,0.028777592,-0.99503532,-0.99393238,-0.99419915,-0.99225132,-0.99600518,-0.99503532,-0.99992583,-0.99397369,-0.77249364,0.35156969,-0.28410321,0.098281248,0.028777592,-0.99286373,-0.99294088,-0.99376378,-0.98796144,-0.98144323,-0.99286373,-0.99987801,-0.99371189,-0.83245787,0.26926443,-0.42464287,-0.13553982,0.35703132,-0.99735672,-0.99879683,-0.99827355,-0.99930896,-0.99471694,-0.99735672,-0.99998667,-0.99787995,-0.81663632,0.49560936,-0.44775123,0.34097243,-0.42971577,-0.99922667,-0.99927132,-0.99905297,-0.99929875,-0.99372458,-0.99922667,-0.99999667,-0.99854818,-0.89356577,0.44396798,-0.49260524,0.28838515,-0.25332837,-0.99477283,-0.99134513,-0.98619963,-0.99454764,-0.99451761,-0.9906661,-0.99341409,-0.99458294,-0.98764046,-0.99631401,-0.9948361,-0.99115662,-0.99862019,-0.99332592,-0.99141715,-0.99317633,-0.99996303,-0.99991765,-0.99975169,-0.99179453,-0.9946344,-0.97879563,-1.0,-1.0,-0.90357248,-0.41935484,-1.0,-1.0,-0.29163392,0.50112886,0.36501249,-0.42246046,-0.81522983,-0.49355462,-0.81124811,-0.7650702,-0.90695504,-0.99997078,-0.99994112,-0.99995353,-0.99994653,-0.99996438,-0.99995307,-0.99997454,-0.99999922,-0.99996169,-0.9999502,-0.99997521,-0.99998283,-0.99996285,-0.99995867,-0.99993681,-0.99993645,-0.99986333,-0.99993799,-0.99958831,-0.99972486,-0.99974016,-0.99988247,-0.99993548,-0.99985758,-0.99962612,-0.99979213,-0.99991838,-0.99985922,-0.9997837,-0.99979923,-0.99974036,-0.99976488,-0.99969259,-0.99952567,-0.99979437,-0.99971207,-0.99979362,-0.99978262,-0.99967313,-0.99977711,-0.99976687,-0.99975548,-0.99561618,-0.99123906,-0.98762246,-0.9954238,-0.99090906,-0.98978377,-0.9943559,-0.99152118,-0.98817852,-0.9953521,-0.98988663,-0.99130265,-0.99696576,-0.98710441,-0.99768043,-0.99259836,-0.99995746,-0.99986969,-0.99978879,-0.99515767,-0.99334994,-0.98469898,-1.0,-1.0,-1.0,-0.64,-0.28,0.28,0.032428424,0.25035162,-0.083183436,-0.40318875,-0.7784246,-0.400588,-0.82223924,-0.6832547,-0.93302924,-0.9999866,-0.99994932,-0.99995912,-0.99994053,-0.99996146,-0.99992887,-0.99995499,-0.99999625,-0.99996292,-0.99995187,-0.99995861,-0.99995508,-0.99995934,-0.99994033,-0.999926,-0.9999725,-0.99982012,-0.99993314,-0.99968226,-0.99966481,-0.99982925,-0.99996467,-0.99996447,-0.99984631,-0.99964568,-0.99985035,-0.999897,-0.99984335,-0.99975013,-0.99975935,-0.99978445,-0.99978075,-0.99967965,-0.9996711,-0.99981655,-0.99998586,-0.9997387,-0.99981214,-0.9996636,-0.99982497,-0.99977769,-0.99976083,-0.99665158,-0.99925165,-0.9945942,-0.99685613,-0.99809619,-0.99608023,-0.996727,-0.99888576,-0.99538072,-0.99553621,-0.99706015,-0.99657492,-0.99809905,-0.99951568,-0.9987845,-0.99822055,-0.99998897,-0.99999532,-0.99996875,-0.99692819,-0.99957002,-0.99337821,-0.95391262,-0.95530222,-0.88888489,-1.0,-1.0,-1.0,-0.02808429,-0.0010488156,0.21234773,-0.0035002054,-0.26880413,0.04444531,-0.29475308,-0.46407167,-0.76200873,-0.99999013,-0.99998444,-0.99999433,-0.99999599,-0.99998953,-0.99998163,-0.99999389,-0.99999641,-0.99998871,-0.99999588,-0.99998666,-0.99999502,-0.99998888,-0.99999421,-0.99999125,-0.99999854,-0.99999901,-0.99999984,-0.99999785,-1.0,-0.99999139,-0.99999474,-0.99999396,-0.99999929,-0.99999869,-0.9999917,-0.99999456,-0.99999995,-0.99997618,-0.99998166,-0.99997422,-0.99996588,-0.99995791,-0.99993244,-0.99996351,-0.99999957,-0.99997319,-0.99996157,-0.99995679,-0.9999794,-0.99997169,-0.99996496,-0.99290454,-0.99481429,-0.99403215,-0.99590674,-0.99719658,-0.99290454,-0.9999199,-0.99427817,-1.0,-0.5862069,0.47848145,-0.64996901,-0.86652298,-0.99203721,-0.99308715,-0.98895313,-0.99648273,-0.99265497,-0.99203721,-0.99989514,-0.98626746,-1.0,-1.0,0.42326882,-0.77962092,-0.98143273,-0.99887626,-0.99881909,-0.99885954,-0.99891181,-0.99848675,-0.99887626,-0.99999504,-0.99917966,-1.0,-1.0,0.40773107,-0.64689056,-0.89811902,-0.99916977,-0.99911054,-0.99871879,-0.99959276,-0.99676598,-0.99916977,-0.99999748,-0.99770287,-1.0,-0.58730159,0.45345733,-0.83658494,-0.97512019,0.2683634,-0.87232679,0.13964356,-0.024824949,0.53682839,-0.41155885,-0.59689159
0.27644319,-0.017523222,-0.10611942,-0.99375136,-0.99404029,-0.99128902,-0.99423648,-0.9932567,-0.99162807,-0.94032542,-0.57609503,-0.81530213,0.84620481,0.69136496,0.84213545,-0.99494971,-0.99995385,-0.99997011,-0.99984106,-0.99469341,-0.99250521,-0.99098762,-0.59247787,-0.76339094,-0.5398964,0.13195215,-0.1159198,0.085569523,0.24616189,0.47401674,-0.3218228,0.32346789,-0.055757473,0.23008446,0.005145559,0.040800116,-0.069543062,0.01553459,-0.24024564,-0.31856551,-0.39693131,0.65226324,0.77502695,-0.99648527,-0.99565058,-0.99570714,-0.99625904,-0.99560303,-0.99551964,-0.46420609,0.60898661,0.760712,-0.34796585,0.66864467,0.77619862,0.25840036,-0.99444581,-0.13313192,0.1707687,-0.9958551,-0.99558551,-0.99508129,-1.0,-0.83260763,-1.0,-0.4918197,0.50581041,-0.51962892,0.53339567,-0.15131026,0.082556342,-0.068340758,0.078655717,-0.076087746,0.087878977,-0.098974978,0.10742867,0.9305441,-0.95316265,-0.96533807,0.080202721,0.010203917,0.0076171903,-0.99305592,-0.99266435,-0.99079276,-0.99230087,-0.99160309,-0.99061596,-0.99617124,-0.99468869,-0.99001856,0.99246961,0.98993584,0.97850603,-0.99340127,-0.99992857,-0.99990255,-0.99982198,-0.9903955,-0.99029917,-0.99007696,-0.75295471,-0.85895589,-0.74801934,0.056271768,0.030548318,0.059632374,0.23290388,0.45907757,-0.061748144,0.4575131,0.42622033,0.12643644,0.14973308,0.15456227,0.044835255,-0.14360252,0.46835652,-0.20439108,-0.027459163,-0.077916265,0.090334507,-0.99754832,-0.99868192,-0.99673622,-0.9975585,-0.99862358,-0.996318,-0.88576671,-0.95762131,-0.75590146,0.84431284,0.91437385,0.83087306,-0.99779525,-0.99999351,-0.99999363,-0.99997554,-0.99753968,-0.99847763,-0.99563229,-0.65397912,-0.82444465,-0.51667621,0.22917702,-0.21535016,0.41690445,-0.13361093,0.044436472,-0.047590895,0.16023918,-0.028738891,0.41942116,-0.24759012,0.19002074,0.0046108163,-0.41762823,0.31419428,-0.17369764,-0.095977331,-0.041647248,-0.053797669,-0.99776586,-0.99927538,-0.99533683,-0.99747167,-0.9994436,-0.99532255,-0.99737161,-0.99918094,-0.99375842,0.99789915,0.99914005,0.99613165,-0.99876074,-0.99998858,-0.99999797,-0.99996248,-0.99696984,-0.9995841,-0.99648446,-0.76498586,-0.91049251,-0.7028899,0.29605405,-0.1778164,0.37791768,0.23984326,0.12355612,0.067671932,0.3133646,0.026638853,0.49661596,-0.014201969,0.39063724,0.091276505,0.14768261,-0.085612759,0.065901869,-0.99556712,-0.9950392,-0.99547415,-0.99225132,-0.99600518,-0.99556712,-0.99993756,-0.99480178,-0.81258387,0.34671714,-0.32317588,0.26629758,-0.13541251,-0.99556712,-0.9950392,-0.99547415,-0.99225132,-0.99600518,-0.99556712,-0.99993756,-0.99480178,-0.81258387,0.34671714,-0.32317588,0.26629758,-0.13541251,-0.99311699,-0.99363277,-0.99524122,-0.98796144,-0.98144323,-0.99311699,-0.99988549,-0.99779647,-0.86910058,0.33243655,-0.38473837,-0.13145651,0.19367155,-0.99796898,-0.99875907,-0.99839938,-0.99941607,-0.99788992,-0.99796898,-0.99999004,-0.99809683,-0.81814129,0.41916615,-0.38575083,0.17987979,-0.13544509,-0.99868883,-0.99906611,-0.99892382,-0.99918942,-0.99281394,-0.99868883,-0.9999943,-0.99847457,-0.91149369,0.54580671,-0.48148594,-0.080176862,-0.0077852076,-0.99344236,-0.99235993,-0.9896946,-0.99377408,-0.99431708,-0.9922578,-0.99350884,-0.9951753,-0.98831109,-0.99410213,-0.99234781,-0.99256689,-0.99275771,-0.98995453,-0.98902311,-0.99399043,-0.9999534,-0.99992255,-0.99981853,-0.99380862,-0.99447468,-0.9805419,-0.94635692,-0.94487044,-0.94419022,-0.41935484,-1.0,-1.0,-0.094365166,0.35183929,0.37676769,-0.26287699,-0.65435619,-0.27437742,-0.57622503,-0.81031572,-0.9246712,-0.99997243,-0.99991257,-0.99992432,-0.99994557,-0.99988479,-0.99991268,-0.99993539,-0.99999065,-0.9999546,-0.99992485,-0.99991031,-0.99995392,-0.99995419,-0.99992677,-0.99990701,-0.99996501,-0.99992665,-0.99986074,-0.99989879,-0.99970364,-0.99980794,-0.9999536,-0.99992733,-0.99989644,-0.99984493,-0.99986352,-0.99992211,-0.99987014,-0.99985545,-0.99980141,-0.99978323,-0.99973983,-0.99979617,-0.99967131,-0.99983457,-0.99992879,-0.99985168,-0.99980088,-0.999795,-0.99987057,-0.99983176,-0.99977232,-0.9930869,-0.99158602,-0.98918618,-0.99362559,-0.99480782,-0.99092271,-0.99231337,-0.99431109,-0.98860805,-0.99193664,-0.99376858,-0.99271644,-0.99595378,-0.97661656,-0.99322692,-0.99213456,-0.99992849,-0.99990248,-0.99982207,-0.99212112,-0.99304785,-0.98659685,-1.0,-1.0,-1.0,-0.64,0.12,0.04,0.27707139,0.404258,-0.012100223,-0.19688382,-0.52562362,-0.57911944,-0.92578652,-0.70091659,-0.95200153,-0.99998619,-0.9999316,-0.99992799,-0.99993078,-0.99989041,-0.99988936,-0.9999146,-0.99998006,-0.99995137,-0.99992287,-0.99989462,-0.99991226,-0.99993813,-0.99989013,-0.99994638,-0.99997415,-0.99990604,-0.99985592,-0.99990547,-0.99961489,-0.99978282,-0.99978472,-0.99997077,-0.9998726,-0.99980595,-0.99978707,-0.99993941,-0.99985677,-0.99983691,-0.999802,-0.99980081,-0.99973775,-0.9998367,-0.99976269,-0.9996698,-0.9999624,-0.99980601,-0.99979948,-0.99981139,-0.99968304,-0.99981874,-0.99979278,-0.99675273,-0.99876177,-0.99583686,-0.9977671,-0.99855758,-0.99737889,-0.99735138,-0.99849333,-0.9967676,-0.9980677,-0.99847796,-0.99754908,-0.99618597,-0.99755588,-0.9959631,-0.99833244,-0.99999223,-0.99999568,-0.99997999,-0.99878801,-0.99805378,-0.99722288,-0.92037074,-1.0,-0.95273437,-0.8,-0.93548387,-0.37931034,0.20025763,0.039772768,0.48918815,-0.46955335,-0.80470145,-0.48185427,-0.82231585,-0.51307173,-0.80334686,-0.99999412,-0.99998324,-0.99999489,-0.99998796,-0.99998891,-0.99997623,-0.99998334,-0.99999364,-0.99999229,-0.99999306,-0.99998403,-0.99998791,-0.99999243,-0.99998765,-0.99999339,-0.9999979,-0.99999923,-0.99999612,-0.9999972,-0.99999476,-0.99999451,-0.99999814,-0.99999499,-0.99999837,-0.99999709,-0.99999537,-0.99999562,-0.99999661,-0.99998964,-0.999981,-0.99996491,-0.99996236,-0.99997801,-0.99990755,-0.99995536,-0.99999309,-0.99998578,-0.99995098,-0.99996483,-0.99997198,-0.99998297,-0.99996503,-0.99406742,-0.99575555,-0.99435952,-0.99657978,-0.99188578,-0.99406742,-0.99993723,-0.9940654,-1.0,-1.0,0.43139216,-0.68558767,-0.88449382,-0.99347383,-0.99246452,-0.98973379,-0.99567971,-0.99033592,-0.99347383,-0.99990776,-0.99114799,-1.0,-0.80952381,0.53333899,-0.67363954,-0.93423987,-0.99871555,-0.99890641,-0.99878778,-0.99868247,-0.99387076,-0.99871555,-0.99999483,-0.99781303,-1.0,-0.74358974,0.46639428,-0.69080677,-0.88973932,-0.99905308,-0.99875442,-0.99843248,-0.99933047,-0.99684906,-0.99905308,-0.9999967,-0.99803957,-1.0,-0.93650794,0.39153858,-0.7412515,-0.9515956,-0.33055631,-0.3677101,-0.070475745,0.073252752,0.53721885,-0.41091213,-0.59759411
0.27937872,-0.015676206,-0.10818465,-0.99402792,-0.99664858,-0.99585052,-0.99460397,-0.99645693,-0.99579689,-0.93956216,-0.57459085,-0.82209655,0.84369635,0.69353015,0.84287808,-0.99686333,-0.99995633,-0.99998117,-0.99994009,-0.99494638,-0.99688386,-0.9950554,-0.54268146,-0.71391391,-0.61136114,0.27113425,-0.1725401,0.07349136,0.32091283,0.42476498,-0.18711292,0.28189889,0.040779413,0.32937236,-0.17321631,0.29976708,-0.25812307,-0.15231339,0.25931946,-0.10677309,-0.39690408,0.65211812,0.77585821,-0.99613105,-0.99695595,-0.99676007,-0.99596571,-0.99679301,-0.99714821,-0.46394796,0.60816236,0.76189206,-0.34796585,0.66864467,0.77751963,0.26027983,-0.99444179,-0.13350789,0.17329945,-0.99560775,-0.99655355,-0.99789154,-1.0,-0.83260763,-1.0,-0.40148828,0.41737774,-0.43328216,0.4493134,-0.0082544714,-0.067149751,0.078862128,-0.062354692,-0.036539816,0.042304365,-0.047220746,0.049452948,0.95991966,0.75707235,0.58352142,0.07863021,0.0053744534,-0.0057371903,-0.99171544,-0.99226492,-0.99679321,-0.99139211,-0.99106068,-0.99520492,-0.99490705,-0.99468869,-0.99521162,0.98829379,0.98993584,0.99734543,-0.99454018,-0.99990933,-0.99989562,-0.99994748,-0.99007853,-0.98948345,-0.99236645,-0.74494966,-0.85895589,-0.82209984,0.15449348,0.08287349,0.018954979,0.41389157,0.31272815,0.071294016,0.36918181,0.52068092,0.32376537,-0.039135173,0.31703603,0.27410655,-0.33064297,0.56221523,-0.1349119,-0.028331065,-0.074913888,0.086736054,-0.99800818,-0.99875596,-0.99672538,-0.99793383,-0.99886788,-0.9962516,-0.88621747,-0.95753462,-0.75590146,0.8455537,0.91437385,0.8307283,-0.9984642,-0.999995,-0.99999606,-0.99998158,-0.99788695,-0.99895224,-0.99591471,-0.72157134,-0.75994533,-0.59619383,0.28978905,-0.26461501,0.45093781,-0.079900254,0.19480079,-0.1918128,0.43738519,-0.14369306,0.52713707,-0.39984307,0.50216889,-0.2078807,-0.38306248,0.24439401,-0.081162378,-0.099844837,-0.04144949,-0.057752054,-0.99812842,-0.99911528,-0.99575931,-0.99785781,-0.9992106,-0.99560544,-0.99737161,-0.99918094,-0.99645333,0.99789915,0.99914005,0.99613165,-0.99881522,-0.99999078,-0.99999745,-0.99996674,-0.99745132,-0.99923594,-0.99599801,-0.83344524,-0.94096391,-0.71105611,0.35362707,-0.25066552,0.43562851,0.12410078,0.22659753,-0.075474843,0.47403581,0.09134854,0.62051769,-0.22167894,0.64234587,0.19774556,0.037121116,-0.060573259,0.16015348,-0.99761487,-0.99714086,-0.99777224,-0.99154342,-0.99438998,-0.99761487,-0.99997158,-0.9966758,-0.85669833,0.33090374,-0.29746189,0.32670521,-0.29414081,-0.99761487,-0.99714086,-0.99777224,-0.99154342,-0.99438998,-0.99761487,-0.99997158,-0.9966758,-0.85669833,0.33090374,-0.29746189,0.32670521,-0.29414081,-0.99473079,-0.99747398,-0.99720098,-0.99637533,-0.9798673,-0.99473079,-0.99992664,-0.9961429,-0.92965968,0.39634912,-0.28793564,0.046222781,-0.28983866,-0.99860678,-0.99926607,-0.9991037,-0.99941607,-0.99788992,-0.99860678,-0.99999385,-0.99902445,-0.86119962,0.39257332,-0.38432407,0.16557818,-0.049512716,-0.99881817,-0.9991959,-0.99912775,-0.99918942,-0.99281394,-0.99881817,-0.999995,-0.99895634,-0.91343175,0.69876245,-0.41281139,-0.26482082,-0.11960656,-0.99276515,-0.99354773,-0.99584129,-0.99457519,-0.9978596,-0.99528004,-0.99300052,-0.99620222,-0.9956858,-0.99673588,-0.99813171,-0.98958155,-0.9941105,-0.99252816,-0.99122833,-0.99608906,-0.99995629,-0.99996077,-0.99992285,-0.99077121,-0.99084692,-0.9901269,-1.0,-1.0,-0.94419022,-1.0,-0.6,-1.0,0.0096561502,0.55640893,0.45188469,-0.53996389,-0.89593841,-0.78910535,-0.96906112,-0.34267266,-0.5426533,-0.99997283,-0.99992918,-0.99993282,-0.9998961,-0.99982952,-0.9997846,-0.99997195,-0.99998038,-0.99995981,-0.99991737,-0.99982775,-0.99997479,-0.99995964,-0.99985174,-0.999981,-0.99995014,-0.9998951,-0.99987925,-0.99980349,-0.99971476,-0.99989844,-0.99993685,-0.99997638,-0.9998713,-0.99977954,-0.9999117,-0.99996136,-0.9998635,-0.99989327,-0.99991361,-0.99986393,-0.99991498,-0.99989609,-0.99988632,-0.99961533,-0.99983028,-0.99991809,-0.99991579,-0.99993195,-0.99968567,-0.99991256,-0.99993658,-0.99170118,-0.9921197,-0.99488685,-0.99246524,-0.99301349,-0.99753231,-0.98994358,-0.99223504,-0.99664685,-0.99541465,-0.9942729,-0.99631235,-0.99243001,-0.99539654,-0.99352302,-0.99386041,-0.99990917,-0.9998957,-0.99994747,-0.99047708,-0.99277335,-0.9931522,-1.0,-1.0,-1.0,-0.4,-0.28,-0.24,0.1835599,0.1086308,0.25700276,-0.53451111,-0.88576034,-0.63258812,-0.9486042,-0.69829891,-0.92721209,-0.99997848,-0.99992625,-0.99994337,-0.99990058,-0.99982751,-0.99971314,-0.99996699,-0.9999916,-0.9999445,-0.99992179,-0.99977986,-0.99996597,-0.99993855,-0.9997907,-0.99997409,-0.99995037,-0.9998807,-0.99987439,-0.99985341,-0.99973856,-0.99987616,-0.99999532,-0.99995573,-0.99986282,-0.99981641,-0.9998952,-0.99991731,-0.9998724,-0.99994036,-0.99989767,-0.99988692,-0.99992167,-0.99990394,-0.99988711,-0.99952952,-0.99967324,-0.9999246,-0.99993342,-0.99990042,-0.99951682,-0.99993033,-0.99993943,-0.99728109,-0.99887721,-0.99562561,-0.99821618,-0.99860182,-0.99747631,-0.99791107,-0.99865752,-0.99627023,-0.99778786,-0.99857563,-0.99834106,-0.99928882,-0.99892293,-0.99408845,-0.99852827,-0.99999414,-0.99999597,-0.9999799,-0.9962584,-0.99936524,-0.99397322,-0.95391262,-1.0,-0.91833498,-1.0,-1.0,-0.44827586,0.23628448,0.088582459,0.34095103,-0.39949199,-0.7000033,-0.48802294,-0.83618777,-0.64687407,-0.8900444,-0.99999656,-0.99998141,-0.99999351,-0.99998624,-0.99999513,-0.99997708,-0.99998405,-0.99999632,-0.99999432,-0.99999124,-0.9999887,-0.99998949,-0.99999435,-0.99998775,-0.99999548,-0.99999641,-0.99999906,-0.99999621,-0.99999782,-0.99999433,-0.99998472,-0.99999954,-0.99999542,-0.99999824,-0.9999975,-0.99998909,-0.99999594,-0.99999681,-0.99998857,-0.99997872,-0.99996849,-0.99997526,-0.99998803,-0.99994273,-0.99989497,-0.99999075,-0.999984,-0.99996064,-0.99998167,-0.99993683,-0.99998167,-0.99997915,-0.9969793,-0.99689375,-0.99618639,-0.99752956,-0.99086498,-0.9969793,-0.99996677,-0.9973469,-1.0,-0.93103448,0.42549838,-0.66497857,-0.88981556,-0.99704322,-0.99693888,-0.99481604,-0.99804518,-0.98373622,-0.99704322,-0.99996813,-0.99263079,-1.0,0.23809524,0.65113968,-0.80297175,-0.97385703,-0.9992833,-0.99927989,-0.99929708,-0.99936564,-0.99773719,-0.9992833,-0.99999714,-0.99976125,-1.0,-0.94871795,0.47076923,-0.73494471,-0.93284186,-0.99916583,-0.99895898,-0.99876095,-0.99935037,-0.99590525,-0.99916583,-0.99999727,-0.9981582,-1.0,-1.0,0.49574039,-0.75204372,-0.93345071,-0.45092588,0.61665223,0.064630002,0.60222558,0.5372277,-0.41046255,-0.59806179
0.27372467,-0.01830093,-0.108109,-0.99378857,-0.99318088,-0.99495176,-0.99434943,-0.99328755,-0.99535463,-0.93956216,-0.57459085,-0.82209655,0.84369635,0.69132738,0.84287808,-0.99588017,-0.99995151,-0.99996256,-0.99992335,-0.9937115,-0.99448627,-0.99739738,-0.66271367,-0.78410799,-0.61714097,0.24073111,-0.24895978,0.20704683,0.25312017,0.38445077,-0.2662024,0.2748975,0.16578084,0.33144123,-0.20990154,0.24685677,-0.072319922,-0.18819275,0.18700206,0.104475,-0.39662098,0.65253989,0.77628827,-0.9956024,-0.99773553,-0.99668844,-0.99575125,-0.99789693,-0.99689107,-0.46394796,0.60818597,0.76189206,-0.34890046,0.66869152,0.77751963,0.26311871,-0.99440106,-0.13241724,0.17461004,-0.9961932,-0.99827782,-0.99767649,-1.0,-0.98116731,-1.0,-0.43574763,0.4465659,-0.45746165,0.4685635,-0.20781383,0.15876016,-0.1615905,0.18707407,-0.34216982,0.35614826,-0.36965752,0.38028078,0.96433,0.49448295,0.56685053,0.078656454,0.009986976,-0.0055347532,-0.99275851,-0.991958,-0.99753533,-0.99287025,-0.9902277,-0.99690525,-0.99490705,-0.99687398,-0.99521162,0.98829379,0.99247456,0.99467343,-0.99554909,-0.99992448,-0.99989036,-0.99996053,-0.99190102,-0.98916655,-0.99636995,-0.78792545,-0.82645564,-0.88885295,0.13827659,-0.056943072,0.023732887,0.44926208,0.26859817,-0.10310007,0.22600282,0.51030474,0.24164439,-0.085921237,0.15131741,0.21445735,-0.44639463,0.52205838,0.057707492,-0.027496387,-0.074173994,0.086510758,-0.99783593,-0.99869506,-0.99631753,-0.99776873,-0.9987084,-0.99602292,-0.88689414,-0.95618869,-0.75666645,0.8455537,0.91585843,0.8301288,-0.99829489,-0.99999463,-0.99999588,-0.99997864,-0.99768619,-0.99882493,-0.99615012,-0.66383787,-0.7107473,-0.60040243,0.31315521,-0.29052653,0.35920276,-0.055189256,0.35460977,-0.30576421,0.38319287,0.22518192,0.4528592,-0.28673012,0.22243743,0.15112135,-0.33143053,0.23726984,-0.19893683,-0.098302756,-0.040261997,-0.052785806,-0.99894627,-0.99886345,-0.99563628,-0.99871593,-0.99878463,-0.99550304,-0.99915125,-0.99893821,-0.99516222,0.99873329,0.99940179,0.99733673,-0.99881096,-0.99999525,-0.99999659,-0.99996553,-0.99776306,-0.99814657,-0.99629165,-0.90609553,-0.93164591,-0.7028899,0.40784052,-0.187724,0.34161715,0.24092164,0.2925428,-0.13229615,0.29959546,0.52796609,0.48100576,-0.088615152,0.34015394,0.1682636,0.098799798,-0.06269744,-0.18571477,-0.99639058,-0.99636042,-0.99660906,-0.99154342,-0.9934587,-0.99639058,-0.9999534,-0.9950662,-0.81474767,0.33246155,-0.30937967,0.32252454,-0.25908643,-0.99639058,-0.99636042,-0.99660906,-0.99154342,-0.9934587,-0.99639058,-0.9999534,-0.9950662,-0.81474767,0.33246155,-0.30937967,0.32252454,-0.25908643,-0.9956025,-0.99745114,-0.99743059,-0.99637533,-0.98857732,-0.9956025,-0.99993855,-0.99682532,-0.92202429,0.23158528,-0.25480507,0.20020821,-0.25509916,-0.99834862,-0.99946246,-0.99921102,-0.99967148,-0.99478932,-0.99834862,-0.9999928,-0.99896014,-0.88939035,0.50820846,-0.46785716,0.36666192,-0.42653491,-0.99882342,-0.99933011,-0.99914675,-0.99945519,-0.99188267,-0.99882342,-0.99999519,-0.99888438,-0.91945821,0.70874792,-0.40404867,-0.16913807,-0.26170499,-0.99341196,-0.99257215,-0.99557364,-0.99384622,-0.99283837,-0.9940111,-0.99289525,-0.9938441,-0.99371386,-0.99538813,-0.99357636,-0.99430984,-0.99332858,-0.99996229,-0.99333652,-0.99603002,-0.9999538,-0.99990848,-0.99990393,-0.99306801,-0.99554395,-0.99354698,-0.90731609,-0.94487044,-0.94419022,-1.0,-0.4,-0.53846154,-0.086578616,0.19994974,0.22074443,-0.35464303,-0.75134744,-0.42536694,-0.76581747,-0.64248966,-0.87325081,-0.99997189,-0.9999199,-0.9999086,-0.99994482,-0.99991313,-0.99984693,-0.99994766,-0.99998904,-0.99995633,-0.99991113,-0.99990338,-0.99996154,-0.99995468,-0.9999229,-0.99993587,-0.9998892,-0.99991709,-0.99990723,-0.99988512,-0.99968057,-0.99993671,-1.0,-0.99991044,-0.99990064,-0.99982609,-0.99996172,-0.99990499,-0.99989868,-0.9998479,-0.99990679,-0.9999145,-0.99997117,-0.99990219,-0.99982168,-0.99979233,-0.99996545,-0.99987963,-0.9999684,-0.99992008,-0.99985164,-0.99988599,-0.99997337,-0.9931065,-0.99247978,-0.99648138,-0.99296096,-0.99182538,-0.99717307,-0.99104599,-0.99160189,-0.9966393,-0.9938444,-0.9915398,-0.99844384,-0.99935381,-0.99738868,-0.99811287,-0.99525034,-0.99992436,-0.99989034,-0.99996056,-0.99155989,-0.9921296,-0.99559365,-1.0,-1.0,-1.0,-0.64,-0.64,-0.24,0.15347056,0.13432523,0.078176402,-0.4336442,-0.7987279,-0.5082307,-0.88646731,-0.75818781,-0.9532698,-0.99998266,-0.99992784,-0.99993619,-0.99994472,-0.99988734,-0.99979462,-0.99990376,-0.99999906,-0.99994738,-0.99993551,-0.99985357,-0.99990528,-0.9999381,-0.99987283,-0.99997397,-0.99992282,-0.99990095,-0.99989737,-0.99988477,-0.9995865,-0.99992598,-0.99999129,-0.99993071,-0.99988842,-0.99977699,-0.99993823,-0.99990803,-0.9998716,-0.99980209,-0.99989843,-0.99991144,-0.99997306,-0.99990354,-0.99981813,-0.99968541,-0.99999866,-0.99987615,-0.99997107,-0.99987926,-0.999702,-0.99992565,-0.99996232,-0.99815379,-0.99856057,-0.99542412,-0.99766218,-0.99873325,-0.99698034,-0.99830089,-0.99864302,-0.99594987,-0.99626367,-0.99888332,-0.99750094,-0.99986368,-0.99844096,-0.99789113,-0.99865451,-0.99999345,-0.99999573,-0.99997665,-0.99943729,-0.99805791,-0.99615038,-0.95391262,-1.0,-0.95273437,-1.0,-1.0,-1.0,0.088890324,0.13996815,0.38433409,0.17566963,-0.070024282,-0.60742117,-0.90182316,-0.56848815,-0.84521662,-0.99999382,-0.99999115,-0.99999695,-0.99999495,-0.99998938,-0.99998185,-0.99999167,-0.99999996,-0.99999317,-0.99999756,-0.99998665,-0.99999535,-0.9999934,-0.99999345,-0.99999594,-0.99999522,-0.99999899,-0.99999877,-0.99999661,-0.99998486,-0.99998256,-0.99999937,-0.99999496,-0.99999895,-0.99999458,-0.9999875,-0.99999548,-0.99999785,-0.99998638,-0.99997262,-0.99997958,-0.99997348,-0.9999632,-0.99994243,-0.9999092,-0.99999192,-0.99997987,-0.99997036,-0.99996336,-0.99994538,-0.99997906,-0.99997224,-0.99609847,-0.99626125,-0.99539478,-0.99628444,-0.9849855,-0.99609847,-0.99995609,-0.99612532,-1.0,-0.93103448,0.44341541,-0.56724935,-0.81599303,-0.99665555,-0.99770854,-0.99696041,-0.99810397,-0.99276145,-0.99665555,-0.99996784,-0.99886647,-1.0,-0.93650794,0.53899614,-0.74825218,-0.94088916,-0.99938412,-0.99954252,-0.99968342,-0.99907683,-0.99605583,-0.99938412,-0.99999793,-0.99910435,-1.0,-0.94871795,0.61839423,-0.65762357,-0.86194307,-0.99919568,-0.99930235,-0.99939877,-0.99896368,-0.99893672,-0.99919568,-0.99999778,-0.99905851,-1.0,-0.93650794,0.55159374,-0.48518687,-0.73673854,0.26777255,0.40612314,-0.37411279,-0.68844537,0.53705965,-0.41048159,-0.59802881
0.27858558,-0.016087867,-0.10997454,-0.99384514,-0.98641485,-0.99510479,-0.99431536,-0.98709768,-0.9951058,-0.93938882,-0.56245775,-0.82398032,0.84618151,0.69132738,0.84539676,-0.99430043,-0.99995489,-0.99991079,-0.99992221,-0.99520468,-0.98934515,-0.99314926,-0.55933473,-0.57832349,-0.67336481,0.34290286,-0.31013248,0.16314082,0.25463841,0.31039169,-0.17385248,0.08559988,0.2017364,0.39530416,-0.14176268,0.0003797611,0.34863325,0.03706922,-0.28960361,-0.11252121,-0.39763811,0.6522153,0.7759737,-0.99523642,-0.99641235,-0.99604845,-0.99526382,-0.99632911,-0.99644779,-0.46400117,0.60872399,0.76188832,-0.34904773,0.6685353,0.77691187,0.25944085,-0.99454583,-0.13325632,0.17365158,-0.99531728,-0.99604854,-0.99714889,-1.0,-0.80108221,-1.0,-0.39340829,0.39631147,-0.3991054,0.40192687,-0.17793023,0.110143,-0.094966621,0.10342759,-0.2668089,0.31667574,-0.36695034,0.41508757,0.927393,0.34657335,-0.0081745175,0.074793412,0.018963514,-0.00043434994,-0.99265225,-0.98680325,-0.9949221,-0.99194418,-0.98622423,-0.99482814,-0.99455432,-0.99113736,-0.99326368,0.99548576,0.98877602,0.98743054,-0.99322133,-0.99992301,-0.99978619,-0.99991221,-0.98670631,-0.9887943,-0.99473813,-0.76124416,-0.75786138,-0.83064568,0.2866467,-0.10207911,0.16814604,0.13862274,0.23005724,0.07560889,0.099916567,0.41483118,0.1782007,-0.02886905,-0.030277887,0.030385489,-0.46406635,0.086219517,-0.07951153,-0.026517648,-0.074575333,0.087032144,-0.99870923,-0.99910263,-0.99549458,-0.99862435,-0.99926011,-0.99554728,-0.88700056,-0.95618869,-0.75666645,0.84636228,0.91585843,0.82748787,-0.99870788,-0.9999967,-0.99999736,-0.99997196,-0.99842054,-0.99932587,-0.99588748,-0.64902732,-0.73650628,-0.56740761,0.37835715,-0.27697371,0.28790695,0.011311509,0.4833429,-0.30134958,0.29399794,0.46911578,0.32242197,-0.18406861,0.045151476,0.40380087,-0.17893464,0.12480363,-0.31222408,-0.099743876,-0.037857421,-0.052293335,-0.99886278,-0.99878047,-0.99553616,-0.9985896,-0.99865637,-0.99544986,-0.99915125,-0.99893821,-0.99488798,0.99873329,0.99940179,0.99733673,-0.99869909,-0.99999481,-0.99999628,-0.99996451,-0.99773666,-0.99810287,-0.99565529,-0.8735561,-0.860689,-0.69682604,0.43222578,-0.12758567,0.30844964,0.27218173,0.31122023,-0.067205556,0.22360657,0.52512181,0.29012097,-0.008164181,0.065455023,0.29257669,0.171786,-0.13345696,-0.26249265,-0.99450532,-0.99652845,-0.99663815,-0.99385803,-0.99510528,-0.99450532,-0.99992746,-0.99567655,-0.81558275,0.45907413,-0.39929435,0.31836217,-0.23609893,-0.99450532,-0.99652845,-0.99663815,-0.99385803,-0.99510528,-0.99450532,-0.99992746,-0.99567655,-0.81558275,0.45907413,-0.39929435,0.31836217,-0.23609893,-0.99348317,-0.99370731,-0.99406764,-0.99401869,-0.98857732,-0.99348317,-0.99989141,-0.99560272,-0.83223109,0.27489657,-0.32494405,-0.071413391,0.11483059,-0.99862403,-0.99898703,-0.99869878,-0.99942894,-0.99954487,-0.99862403,-0.99999362,-0.99836168,-0.83077166,0.54061984,-0.47601989,0.35663131,-0.43336524,-0.99871133,-0.99934512,-0.99917573,-0.99945519,-0.99522302,-0.99871133,-0.99999476,-0.99905907,-0.95277603,0.55558176,-0.29386106,-0.0090005632,-0.42448435,-0.99380056,-0.98555924,-0.99503211,-0.99373648,-0.98664398,-0.99463944,-0.99461718,-0.98929868,-0.99465388,-0.99389553,-0.98520725,-0.99038226,-0.99178036,-0.99064186,-0.99363134,-0.99389591,-0.99995439,-0.99977216,-0.99990721,-0.99535809,-0.99056876,-0.99071213,-0.90731609,-0.94487044,-0.94419022,-1.0,-1.0,-0.46153846,0.04405047,0.32986874,0.39950091,-0.12150771,-0.53349996,-0.14352267,-0.46435712,-0.49145987,-0.686614,-0.99996882,-0.99992439,-0.99995233,-0.9999136,-0.99983948,-0.99991488,-0.99987455,-0.9999899,-0.9999552,-0.99993933,-0.99988281,-0.99991322,-0.99995674,-0.99989072,-0.99979032,-0.99986189,-0.99984797,-0.99982217,-0.99953102,-0.99951214,-0.99978911,-0.99990742,-0.99978487,-0.99980926,-0.99950262,-0.99983254,-0.99977804,-0.99973512,-0.99988351,-0.99984247,-0.99996099,-0.99988441,-0.99982132,-0.99982051,-0.99972326,-0.99993067,-0.99988736,-0.99996662,-0.9998542,-0.99979225,-0.99990309,-0.99989256,-0.99246179,-0.98650491,-0.99327609,-0.99354774,-0.98815537,-0.99521985,-0.99127878,-0.98785269,-0.99331591,-0.99393813,-0.99039532,-0.99518484,-0.99555327,-0.9969669,-0.97583115,-0.99173415,-0.99992286,-0.99978637,-0.99991215,-0.9906872,-0.99029818,-0.98850266,-1.0,-1.0,-1.0,-0.64,-0.2,-0.72,0.36718574,0.11763164,0.26372064,-0.49607615,-0.82470376,-0.60555594,-0.92890691,-0.71328298,-0.94874203,-0.99998998,-0.99993276,-0.99995953,-0.99990767,-0.99982849,-0.99987028,-0.99978539,-0.99998062,-0.99995381,-0.99993774,-0.99984518,-0.99978539,-0.99995222,-0.99983984,-0.99989407,-0.99991398,-0.99981578,-0.99981672,-0.99958965,-0.99931008,-0.9999117,-0.99999825,-0.99990389,-0.99978825,-0.99941884,-0.99992663,-0.99985102,-0.99968275,-0.99971597,-0.99984614,-0.99995401,-0.99988064,-0.99981457,-0.99981106,-0.99954677,-0.99961969,-0.99980083,-0.99994764,-0.99980908,-0.99952705,-0.99992143,-0.99987863,-0.99832688,-0.99856019,-0.99444628,-0.99880132,-0.99951648,-0.99628524,-0.99887067,-0.99943698,-0.99559042,-0.99794931,-0.99926403,-0.99614926,-0.99879689,-0.99710697,-0.99549379,-0.99848212,-0.99999665,-0.99999724,-0.99996959,-0.99781809,-0.9991422,-0.9953622,-0.95391262,-1.0,-0.95273437,-1.0,-0.032258065,-1.0,0.31055782,0.58435171,0.3118391,-0.21748717,-0.48433827,-0.63890219,-0.90633082,-0.39191531,-0.67553569,-0.99999723,-0.99999272,-0.99999549,-0.9999937,-0.99998785,-0.99997679,-0.99999233,-0.99999729,-0.9999966,-0.99999588,-0.99998353,-0.99999453,-0.9999967,-0.99999165,-0.99999923,-0.99999551,-0.99999901,-0.99999771,-0.99999295,-0.99997551,-0.99997348,-0.99998624,-0.99999737,-0.99999865,-0.99998972,-0.99997543,-0.99999772,-0.99999552,-0.99998258,-0.99995885,-0.99998848,-0.99997717,-0.99994047,-0.9999567,-0.99992965,-0.99999248,-0.99997164,-0.99998063,-0.99995052,-0.99995718,-0.99997206,-0.99997081,-0.99615477,-0.99653303,-0.99559575,-0.99787377,-0.99000399,-0.99615477,-0.99995857,-0.99618275,-1.0,-0.93103448,0.60486918,-0.66682161,-0.90301836,-0.99339837,-0.99278095,-0.99072158,-0.9950633,-0.990743,-0.99339837,-0.99990893,-0.99165231,-1.0,-1.0,0.46922694,-0.63817771,-0.90680781,-0.99878026,-0.99929239,-0.99936073,-0.99870129,-0.99371799,-0.99878026,-0.9999959,-0.99893789,-1.0,-0.94871795,0.57508246,-0.597218,-0.82151748,-0.99931071,-0.99910226,-0.99891698,-0.99954995,-0.99738845,-0.99931071,-0.99999782,-0.99848933,-1.0,-0.93650794,0.56828952,-0.76760922,-0.94968884,0.035174425,-0.47616051,-0.11635807,-0.60299864,0.53775605,-0.41047827,-0.59808673
0.27723021,-0.016262105,-0.11036658,-0.99449822,-0.98677924,-0.99407406,-0.99489705,-0.98739918,-0.9947019,-0.93938882,-0.56245775,-0.8236392,0.84960913,0.69096031,0.83988993,-0.99461103,-0.99996168,-0.99991465,-0.99990018,-0.99457255,-0.98969611,-0.99512744,-0.60116604,-0.59768274,-0.69031738,0.42187361,-0.34595105,0.17148666,0.17829724,0.23837468,-0.070968123,0.0073941802,0.15129081,0.58203755,-0.20120111,0.051897904,0.30983722,0.20289578,-0.19493843,-0.19523603,-0.3973234,0.65305446,0.77494947,-0.99539923,-0.99387867,-0.99624939,-0.99534414,-0.99365927,-0.99615926,-0.4645459,0.60953047,0.76092627,-0.34904773,0.6685353,0.77660319,0.25958803,-0.99450126,-0.13108302,0.1705327,-0.99480632,-0.99316615,-0.99618765,-1.0,-0.80588773,-1.0,-0.38832067,0.39022629,-0.39185992,0.39335549,-0.11255472,0.035193874,-0.014246801,0.018771261,-0.13361093,0.1872619,-0.24132827,0.29346506,0.97550874,-0.94185439,-0.97739331,0.072989976,0.01363377,-0.0022761048,-0.99279534,-0.98632655,-0.99053842,-0.99193402,-0.98543218,-0.98918146,-0.99455432,-0.99113736,-0.99273473,0.99549233,0.98877602,0.98743054,-0.99099359,-0.999925,-0.99977541,-0.99981598,-0.9857899,-0.98765528,-0.98814577,-0.74494966,-0.75786138,-0.71971139,0.38665045,-0.07752919,0.26137754,0.070960233,0.18095242,0.20906916,0.11330974,0.36237234,0.31147962,0.065991649,-0.019654935,0.28527296,-0.34136505,0.079736973,-0.13936397,-0.028195345,-0.073349219,0.085199461,-0.99707133,-0.99893124,-0.99626866,-0.99735805,-0.99900689,-0.99609437,-0.88677757,-0.95690505,-0.75771384,0.84306808,0.91558535,0.82748787,-0.99824992,-0.99999136,-0.9999966,-0.99997778,-0.99761385,-0.99883673,-0.99599272,-0.68948687,-0.65917428,-0.66778726,0.078782778,-0.064278541,0.1503403,0.12652828,0.33239782,-0.34118769,0.3823204,0.051998608,0.24685671,-0.14420159,0.051940435,0.36823318,-0.42504111,0.23816404,-0.31624572,-0.098028019,-0.041004583,-0.05448815,-0.9978349,-0.99952867,-0.99687591,-0.99805103,-0.99949656,-0.99679397,-0.9971622,-0.99933118,-0.99488798,0.99307941,0.99989766,0.9980391,-0.99927863,-0.99998904,-0.99999874,-0.99997726,-0.99785881,-0.99914423,-0.99682775,-0.78842116,-0.91049251,-0.73515017,0.17343423,-0.089113203,0.19981483,0.10962293,0.35651941,-0.13752725,0.35525611,0.30454495,0.20557657,-0.021931759,0.052412784,0.19732749,0.14562469,-0.12844963,-0.073805622,-0.99493384,-0.99512087,-0.9954271,-0.99194944,-0.99607109,-0.99493384,-0.99992886,-0.9945041,-0.7719494,0.480166,-0.42259098,0.27669848,-0.10900103,-0.99493384,-0.99512087,-0.9954271,-0.99194944,-0.99607109,-0.99493384,-0.99992886,-0.9945041,-0.7719494,0.480166,-0.42259098,0.27669848,-0.10900103,-0.99108693,-0.99291544,-0.99297921,-0.99401869,-0.98028997,-0.99108693,-0.99984931,-0.99227991,-0.84644314,0.31541185,-0.30513941,-0.14590333,0.08316951,-0.99824762,-0.99803044,-0.99786344,-0.99844115,-0.99954487,-0.99824762,-0.99999053,-0.9981567,-0.76024544,0.3774395,-0.44844159,0.22998022,0.035014377,-0.99928387,-0.99929592,-0.99951145,-0.99794391,-0.99655021,-0.99928387,-0.99999692,-0.99944859,-0.93065843,0.4431375,-0.26068942,0.099573052,-0.42386976,-0.99392599,-0.98584568,-0.99244444,-0.99466888,-0.98703223,-0.99487825,-0.99502073,-0.98813441,-0.99287912,-0.99448544,-0.98618136,-0.99533719,-0.99543928,-0.9928741,-0.99791468,-0.99317187,-0.99996102,-0.99978067,-0.99988467,-0.99321882,-0.9914025,-0.98599469,-0.90731609,-0.94487044,-0.94419022,-1.0,-1.0,-0.38461538,0.095985259,0.22942843,0.50776349,-0.17365837,-0.55502986,-0.24219074,-0.55453369,-0.83128311,-0.93648198,-0.99997532,-0.99993253,-0.99996419,-0.99987548,-0.99987425,-0.99986664,-0.99984128,-0.99999117,-0.99996278,-0.99993813,-0.99988647,-0.99989153,-0.99996462,-0.99986526,-0.99977569,-0.99990218,-0.99986651,-0.99975498,-0.9994491,-0.99964165,-0.99985615,-0.99998398,-0.99979438,-0.99980775,-0.99949243,-0.99990578,-0.99979,-0.99968224,-0.9999488,-0.99972112,-0.99986443,-0.99987539,-0.9995852,-0.99940691,-0.99961029,-0.99999582,-0.99990042,-0.99990177,-0.99955517,-0.99973173,-0.99989563,-0.99980083,-0.99284502,-0.9862095,-0.98892394,-0.99336602,-0.98745937,-0.99067159,-0.9912884,-0.98768843,-0.98848419,-0.99477171,-0.98659519,-0.9932539,-0.99832035,-0.99627975,-0.99516591,-0.9901386,-0.99992488,-0.99977542,-0.99981596,-0.99181405,-0.99110069,-0.98183703,-1.0,-1.0,-1.0,0.24,-0.16,0.4,0.3819956,0.14307275,0.30602589,-0.54007026,-0.85026112,-0.49899849,-0.84837679,-0.7160326,-0.96148706,-0.99999572,-0.99994404,-0.99996464,-0.99986225,-0.99987075,-0.99984984,-0.99975711,-0.99999956,-0.9999636,-0.99992181,-0.99986516,-0.99976127,-0.99996201,-0.99981973,-0.99986594,-0.9999276,-0.99980514,-0.99974619,-0.99951679,-0.99957742,-0.99982254,-0.99999574,-0.99990961,-0.99974724,-0.99947374,-0.9998484,-0.9998505,-0.99965969,-0.99991533,-0.99976044,-0.99986718,-0.99987354,-0.99958411,-0.99938373,-0.99932341,-0.99992971,-0.99979829,-0.9998998,-0.99950367,-0.99935062,-0.9998608,-0.99975434,-0.99664106,-0.99904205,-0.99668566,-0.99714253,-0.99878397,-0.99633105,-0.9967463,-0.99904431,-0.99636247,-0.99676791,-0.99849312,-0.99689478,-0.99981375,-0.99713408,-0.99977683,-0.99862467,-0.99999002,-0.99999663,-0.99997625,-0.99744449,-0.999283,-0.99755179,-0.92037074,-1.0,-0.91833498,-1.0,-1.0,-0.37931034,-0.022688745,0.088558232,0.18436526,-0.32983827,-0.66014193,-0.37296419,-0.73922922,-0.2961464,-0.6522514,-0.99999091,-0.99998861,-0.99999245,-0.99999,-0.99998542,-0.99998459,-0.99999457,-0.99999995,-0.99999005,-0.99999193,-0.99998502,-0.99999696,-0.9999901,-0.99998941,-0.99999393,-0.99999826,-0.9999995,-0.99999871,-0.99999829,-0.99999251,-0.99998278,-0.99999775,-0.99999559,-0.99999941,-0.9999975,-0.99998695,-0.99999631,-0.99999872,-0.99998707,-0.99996106,-0.99999025,-0.99998436,-0.99996478,-0.99999483,-0.99995573,-0.99999993,-0.99997665,-0.99998579,-0.99997865,-0.99997516,-0.99997729,-0.99998449,-0.99386705,-0.99608398,-0.99553526,-0.99610645,-0.99675923,-0.99386705,-0.99993834,-0.99576884,-1.0,-0.93103448,0.66305778,-0.59605334,-0.82393227,-0.99202757,-0.99288853,-0.99118922,-0.9940167,-0.97584845,-0.99202757,-0.99989379,-0.99102103,-1.0,-0.96825397,0.52302456,-0.59772864,-0.86059539,-0.9986059,-0.99773445,-0.99755536,-0.99762223,-0.99850645,-0.9986059,-0.99999112,-0.9962793,-1.0,-1.0,0.15627614,-0.51812989,-0.79664974,-0.99900089,-0.99963391,-0.99938484,-0.99980667,-0.99522315,-0.99900089,-0.99999764,-0.99834101,-1.0,-0.74603175,0.62746125,-0.95608218,-0.99397429,0.16973565,-0.080729154,0.080626939,0.39275634,0.53752227,-0.41136659,-0.59714578
0.4018232,-0.058280636,-0.083636785,-0.82952871,-0.81590288,-0.57876171,-0.85321019,-0.82023936,-0.62607381,-0.81229979,-0.5391887,-0.34167061,0.58112793,0.53738275,0.77670552,-0.75444336,-0.98172547,-0.98981649,-0.91603036,-0.89242371,-0.859754,-0.83519465,0.66777627,-0.53574369,-0.28265729,-0.46703819,0.31244063,-0.20222261,0.13304319,-0.36142213,0.33398614,-0.13418332,0.041395505,-0.35782946,0.015866048,0.31899061,-0.22720815,0.17298301,-0.80262699,-0.62010569,-0.33234781,0.73879094,0.69194254,-0.72801478,-0.86465861,-0.48366245,-0.74585635,-0.85977349,-0.56349712,-0.21367759,0.72890288,0.73958732,-0.35607294,0.72555257,0.44466759,0.39555909,-0.97805661,0.10636649,-0.056610407,-0.75929341,-0.84408452,-0.79017344,0.54170723,0.088761655,0.54015323,-0.95780215,0.96681757,-0.97559684,0.9843333,-0.76528578,0.74903967,-0.74794904,0.75348859,-0.9910262,0.99046477,-0.98931893,0.98416641,0.019293597,-0.75782009,-0.66676038,0.13606112,0.13015053,-0.31696966,-0.93863842,-0.88057329,-0.95437349,-0.94698576,-0.9078823,-0.95818949,-0.91370801,-0.84066388,-0.97858697,0.9151405,0.89309979,0.90755859,-0.93909213,-0.99770247,-0.99174123,-0.9981616,-0.95494538,-0.94200017,-0.97265671,-0.2302568,-0.16935015,-0.65846868,-0.35820984,0.21052201,-0.12250798,0.0093085697,-0.44243774,0.59393029,-0.54123723,0.77086261,-0.27184605,-0.31670897,-0.015369192,-0.11552175,-0.35368426,0.0040837067,-0.47371112,0.20842648,0.11837913,0.79172688,-0.91764313,-0.94449802,-0.7965707,-0.91877047,-0.95199135,-0.81686499,-0.68338095,-0.84732281,-0.33155689,0.90175026,0.91117688,0.94969441,-0.55106073,-0.96103656,-0.99196064,-0.78821871,-0.91317997,-0.95717148,-0.83831457,0.71420021,0.56268016,0.88977864,-0.67836535,0.55869866,-0.25546426,0.053776924,-0.23096297,-0.089993995,0.5292526,-0.23300232,-0.19494058,-0.2338789,0.57959895,-0.142139,-0.19177512,0.78935648,-0.055183299,-0.097007426,-0.10334533,-0.10159932,-0.9323817,-0.97184309,-0.95732795,-0.9461375,-0.98084015,-0.96140552,-0.89047792,-0.98067058,-0.94492839,0.91717231,0.95293399,0.97322804,-0.96778279,-0.99745347,-0.99952952,-0.99884341,-0.96138392,-0.98935636,-0.96895727,-0.17640721,-0.33274339,-0.2692811,-0.51607167,0.47023854,-0.43213297,0.47448912,-0.12093347,-0.21112039,0.029159905,0.55423403,-0.042456221,-0.60565882,0.090325297,0.16403625,-0.16933399,0.34627596,-0.28907368,-0.76428794,-0.64480848,-0.7303342,-0.64263319,-0.95226958,-0.76428794,-0.95859107,-0.79935012,0.40975583,-0.65890838,0.34337133,0.24957385,-0.21598791,-0.76428794,-0.64480848,-0.7303342,-0.64263319,-0.95226958,-0.76428794,-0.95859107,-0.79935012,0.40975583,-0.65890838,0.34337133,0.24957385,-0.21598791,-0.94097992,-0.88889072,-0.91306086,-0.862037,-0.95113736,-0.94097992,-0.99600614,-0.95169617,-0.28530137,-0.24202499,0.040853024,0.01073356,0.22332375,-0.57994786,-0.78317392,-0.77262264,-0.75904232,-0.13200476,-0.57994786,-0.91776655,-0.75832508,0.74952865,-0.68900476,0.51862017,-0.30619863,0.30245936,-0.96795427,-0.94664828,-0.95873202,-0.94350813,-0.97801871,-0.96795427,-0.99900666,-0.97303421,-0.047245688,0.0039867141,-0.059929788,-0.07821998,-0.028351249,-0.86739262,-0.80536574,-0.66628712,-0.81636637,-0.8325801,-0.56581878,-0.82857784,-0.83616234,-0.67442871,-0.8301736,-0.85032176,-0.50876136,-0.96390454,-0.97399994,-0.45098933,-0.76278139,-0.9847932,-0.98137128,-0.90575841,-0.92829198,-0.8519527,-0.84763517,-0.32279995,-0.17238176,-0.32524576,-1.0,-1.0,-1.0,-0.70925696,0.17474741,0.037340689,0.15391191,-0.22747618,-0.16417461,-0.47440082,0.18366854,-0.11651713,-0.98008134,-0.99736508,-0.99792002,-0.99923382,-0.99721049,-0.99489398,-0.99718425,-0.99484929,-0.98332271,-0.99799254,-0.99635717,-0.99640165,-0.98436196,-0.99770955,-0.98216513,-0.99210594,-0.98893003,-0.98882703,-0.99055371,-0.99312851,-0.98167072,-0.97945964,-0.98228956,-0.98608121,-0.990491,-0.98014214,-0.98186361,-0.98879713,-0.88662589,-0.9866346,-0.98865624,-0.99339866,-0.98585541,-0.95740381,-0.92853585,-0.85551574,-0.90508907,-0.99040743,-0.97749651,-0.9060427,-0.90614065,-0.98888073,-0.93427934,-0.88071104,-0.94611463,-0.94992516,-0.88907058,-0.96169249,-0.93415536,-0.88037698,-0.96148416,-0.96784322,-0.92558895,-0.95613774,-0.98625846,-0.94813825,-0.93378019,-0.91132969,-0.99771005,-0.99178493,-0.99829958,-0.92715642,-0.88180121,-0.97048121,-0.57455447,-0.50601915,-0.70844492,-0.44,-0.6,-1.0,-0.35171163,-0.39915277,-0.53914548,-0.66783499,-0.91765871,-0.58975482,-0.94536861,-0.34854151,-0.71366679,-0.99790124,-0.99840877,-0.99814785,-0.99839681,-0.99808277,-0.99868796,-0.9990766,-0.99994451,-0.99804361,-0.99783555,-0.99818606,-0.9990819,-0.99772881,-0.99760947,-0.99524672,-0.99257474,-0.99393553,-0.9943292,-0.99326399,-0.99507863,-0.99954647,-0.99949698,-0.99215376,-0.99291015,-0.99246557,-0.99954424,-0.99162451,-0.99355569,-0.99285235,-0.9970168,-0.9988816,-0.99964264,-0.99951109,-0.99839962,-0.9980697,-0.99857853,-0.99494288,-0.99928319,-0.99915039,-0.99800627,-0.99703261,-0.99947535,-0.9032517,-0.93231354,-0.85428071,-0.9222507,-0.95390611,-0.79918069,-0.9038677,-0.95607859,-0.81246586,-0.93659036,-0.9634552,-0.83946117,-0.99491042,-0.95292146,-0.9469946,-0.89943321,-0.99645487,-0.99831713,-0.97848412,-0.92771058,-0.95464821,-0.96913258,-0.11138244,-0.28996253,-0.29711769,-0.8,-0.80645161,-1.0,-0.34538297,0.35248042,-0.61094274,-0.29834651,-0.68651041,-0.36625498,-0.74678563,0.016707562,-0.40883017,-0.99681612,-0.996599,-0.99833905,-0.99921086,-0.99797189,-0.99956816,-0.99971605,-0.99963523,-0.9965066,-0.99834413,-0.99841934,-0.9996803,-0.99647614,-0.99897471,-0.9981746,-0.99955445,-0.99943643,-0.99943256,-0.99923386,-0.99828862,-0.99380344,-0.99183227,-0.99848193,-0.99930126,-0.99903232,-0.99210591,-0.99832046,-0.99926351,-0.97760189,-0.99943026,-0.99952112,-0.99951927,-0.99943134,-0.99785328,-0.99618373,-0.99683408,-0.9785017,-0.9993133,-0.99900984,-0.99646669,-0.97854031,-0.99936311,-0.65729329,-0.69224572,-0.65663806,-0.80313385,-0.43955215,-0.65729329,-0.93392161,-0.82292216,-0.2525185,-1.0,-0.098508659,-0.2994144,-0.69297228,-0.89910959,-0.87555509,-0.86556775,-0.90348433,-0.93566434,-0.89910959,-0.99262433,-0.90830586,-0.50484084,-0.96825397,-0.57023994,-0.13096548,-0.57898514,-0.86531293,-0.77372695,-0.80981503,-0.78412667,-0.90698838,-0.86531293,-0.97581334,-0.93155188,-0.11630448,-1.0,-0.49616145,0.04542719,-0.3868217,-0.95056729,-0.94494816,-0.93860525,-0.95508183,-0.96601419,-0.95056729,-0.99841782,-0.94434021,-0.43602319,-0.96825397,-0.31504012,-0.26479145,-0.68205276,0.15833248,0.18277657,-0.52085634,0.80102595,0.49187496,-0.49041888,-0.50994631
0.3063814,-0.018492842,-0.12858177,-0.9214482,-0.9086499,-0.87955032,-0.92997917,-0.90959765,-0.87345249,-0.81657834,-0.54900456,-0.74143428,0.78925114,0.64156261,0.790543,-0.90546709,-0.99642945,-0.99806306,-0.99135426,-0.95182314,-0.93542355,-0.86452459,0.085345436,-0.22955713,-0.24828594,-0.33196115,0.037324637,0.21050891,-0.061581474,-0.40829154,0.37167428,-0.38914813,0.58745521,-0.1037066,-0.10888805,0.20312463,-0.056807586,-0.13183386,-0.85095623,-0.1594642,-0.29964765,0.7151046,0.71058266,-0.8466963,-0.97114934,-0.85195024,-0.85533274,-0.97465464,-0.85212933,-0.34052673,0.68582679,0.73958732,-0.33772888,0.72555257,0.69221508,0.44392423,-0.97079729,0.037072393,-0.016166568,-0.89028486,-0.980057,-0.86422307,0.17004859,-0.35569286,0.11777033,-0.91114076,0.91434845,-0.91727212,0.92009827,-0.79067677,0.7783526,-0.7797957,0.78723054,-0.91969821,0.92250562,-0.9248025,0.92326456,-0.75045279,-0.97275431,0.576755,0.022028433,0.013254101,0.071210033,-0.96725847,-0.95756106,-0.98000652,-0.96902864,-0.95644949,-0.97993448,-0.97194692,-0.96054788,-0.98284504,0.95677681,0.96346288,0.97294381,-0.96973729,-0.99923538,-0.99869846,-0.9995002,-0.9719014,-0.96589466,-0.98234897,-0.50400304,-0.43003563,-0.54502523,-0.21386368,-0.11215027,-0.039778831,0.22760017,-0.62244981,0.46310132,-0.71823723,0.50829215,-0.10208124,-0.22735673,-0.18366598,0.19554413,0.30241254,-0.23125692,-0.29782206,0.12058045,0.036747127,0.48123112,-0.90737012,-0.96285825,-0.84551822,-0.91326395,-0.96366827,-0.84429922,-0.75371844,-0.91823961,-0.51346503,0.83326861,0.91464083,0.87653568,-0.73619504,-0.9818522,-0.99710613,-0.92825857,-0.92315927,-0.96375788,-0.875221,0.67119983,0.45838281,0.84518623,-0.66826418,0.2235764,0.54101337,-0.4761859,-0.22036588,-0.075797611,0.38566516,-0.066298066,-0.12938756,-0.26223061,0.62915439,-0.27907354,0.27416072,0.87538537,0.59139633,-0.11274094,-0.065422933,-0.13721145,-0.96373414,-0.98878841,-0.97794828,-0.96400184,-0.98973203,-0.97882767,-0.96444321,-0.99240288,-0.97452149,0.97527099,0.98968547,0.98521543,-0.98065858,-0.99919934,-0.99990898,-0.99961054,-0.96897471,-0.99233677,-0.98006008,-0.22542566,-0.46295485,-0.47433998,-0.39453051,-0.17737647,-0.1715491,0.62821264,-0.11189588,-0.17975284,0.055172615,0.37484644,0.051291391,-0.57054192,0.12190594,0.35648485,-0.50697318,0.68150604,-0.48764988,-0.91120737,-0.88664456,-0.89316464,-0.89849896,-0.95487527,-0.91120737,-0.99401002,-0.88704645,0.042265867,-0.42615465,0.127277,0.2206953,0.045483352,-0.91120737,-0.88664456,-0.89316464,-0.89849896,-0.95487527,-0.91120737,-0.99401002,-0.88704645,0.042265867,-0.42615465,0.127277,0.2206953,0.045483352,-0.96989459,-0.96663712,-0.96834769,-0.97214664,-0.96159367,-0.96989459,-0.99909441,-0.97072274,-0.51930354,-0.058768866,0.15030259,0.034177901,-0.24762986,-0.75193132,-0.81019957,-0.78612672,-0.85294614,-0.75860166,-0.75193132,-0.96833845,-0.82000596,0.72931715,-0.67767653,0.30859033,0.27692724,-0.20549967,-0.98087027,-0.97999058,-0.97974026,-0.98482019,-0.98256615,-0.98087027,-0.99972387,-0.97743113,-0.22346989,-0.2920701,0.019546415,0.34564949,-0.26742322,-0.92506757,-0.92711607,-0.91862264,-0.91983611,-0.90463391,-0.8686936,-0.92400123,-0.90835185,-0.90828659,-0.91966002,-0.93563381,-0.83955401,-0.98129822,-0.99788735,-0.97364337,-0.91499028,-0.99658669,-0.9949518,-0.99087165,-0.94374205,-0.95117169,-0.96978695,-0.40460592,-0.5637139,-0.48539029,-1.0,-1.0,-1.0,-0.3241381,-0.53234984,-0.11561865,0.22722528,-0.084362972,-0.3498554,-0.75436026,0.31009024,0.074513645,-0.99615421,-0.99822057,-0.99825293,-0.99912367,-0.99759063,-0.99848315,-0.99772088,-0.99622906,-0.99640781,-0.99824532,-0.99794025,-0.99722087,-0.99654069,-0.99839242,-0.99330545,-0.99916585,-0.99967457,-0.99932048,-0.99884085,-0.99976234,-0.99988198,-0.99999839,-0.99445779,-0.99949669,-0.9990941,-0.99992763,-0.99487911,-0.99923687,-0.98887485,-0.99833206,-0.99926817,-0.99966406,-0.99856919,-0.99822836,-0.99505407,-0.9905483,-0.99059988,-0.99944495,-0.99842478,-0.99367015,-0.99080327,-0.99932743,-0.96917435,-0.95900539,-0.97633367,-0.96801397,-0.9587697,-0.98237736,-0.9643599,-0.95737372,-0.97991577,-0.97595582,-0.96786718,-0.98440288,-0.99699236,-0.97664807,-0.98188656,-0.96521736,-0.99924343,-0.99869849,-0.99950736,-0.97566616,-0.96006372,-0.97602473,-0.80821445,-0.89481271,-0.94221628,-0.64,-0.76,-0.64,-0.30301682,-0.69451262,-0.34982308,-0.19831689,-0.69305517,-0.47863928,-0.89204213,-0.63785874,-0.92106369,-0.99921535,-0.9993687,-0.99950943,-0.99957335,-0.9995989,-0.99929992,-0.99965322,-0.99999753,-0.99924611,-0.99943351,-0.99945623,-0.99965878,-0.9992136,-0.99933164,-0.99543503,-0.99929606,-0.99959524,-0.99928465,-0.99888006,-0.99964543,-0.9998587,-0.99989042,-0.99829349,-0.99937647,-0.99898478,-0.99986671,-0.99858257,-0.99918136,-0.99821625,-0.99903698,-0.99973475,-0.99987632,-0.9995443,-0.99944737,-0.99903468,-0.99966044,-0.99857597,-0.99983347,-0.99949247,-0.99904581,-0.9992281,-0.99975162,-0.92164425,-0.96532014,-0.86240554,-0.90528754,-0.96154353,-0.85423074,-0.89411125,-0.96545804,-0.86894135,-0.90210506,-0.96857002,-0.86257635,-0.99738387,-0.9715553,-0.83939134,-0.92328,-0.9955378,-0.99921459,-0.98742333,-0.98688748,-0.97917948,-0.95536869,-0.47467364,-0.39245194,-0.22632845,-1.0,-1.0,-1.0,-0.70959189,-0.21045575,-0.096562996,-0.05109023,-0.43148012,-0.26190496,-0.68411608,0.24916591,-0.063859482,-0.99521559,-0.99966683,-0.99989871,-0.9998983,-0.99970912,-0.99970839,-0.99965171,-0.99970188,-0.99544827,-0.99987911,-0.99968098,-0.99967392,-0.9955211,-0.99983541,-0.99893492,-0.99972474,-0.99995039,-0.99996623,-0.99984811,-0.99959888,-0.99943052,-0.99897657,-0.99910463,-0.99994363,-0.99979579,-0.99915633,-0.9991456,-0.99991064,-0.98734452,-0.99933658,-0.99877651,-0.99896654,-0.99764237,-0.99452912,-0.99053686,-0.9872654,-0.98773941,-0.99833568,-0.99680072,-0.98911475,-0.98763451,-0.99829643,-0.90081897,-0.89561079,-0.88531796,-0.91155945,-0.93893197,-0.90081897,-0.99248363,-0.94543136,-0.41513151,-1.0,-0.24833054,-0.1422637,-0.46144259,-0.96534019,-0.96705781,-0.96355373,-0.96638988,-0.96532101,-0.96534019,-0.99907018,-0.96179317,-0.940965,-1.0,0.05725386,-0.10980684,-0.40748241,-0.88623668,-0.80022432,-0.83741759,-0.78283865,-0.85015648,-0.88623668,-0.98138309,-0.96595377,-0.31251635,-1.0,-0.4277574,0.22736667,-0.11194931,-0.98326466,-0.97702164,-0.97607158,-0.97835287,-0.99232857,-0.98326466,-0.99973989,-0.97708863,-0.76667624,-1.0,-0.480597,-0.077114344,-0.48449416,0.33136968,-0.21995351,-0.52412673,0.75889951,0.46836184,-0.46829106,-0.52927483
0.25624543,-0.019400611,-0.087494997,-0.97008007,-0.92742531,-0.94561741,-0.97380604,-0.93812702,-0.95260754,-0.9328499,-0.54900456,-0.74143428,0.78925114,0.64156261,0.83482309,-0.95627172,-0.99933481,-0.99871293,-0.99729367,-0.9779643,-0.96618194,-0.96183011,-0.46407577,-0.35082241,-0.083035027,-0.24847872,0.11295163,-0.082033969,0.20449628,-0.41529318,0.41079773,-0.4855997,0.71162326,-0.13565214,0.017493617,0.034029307,0.032792688,0.17720365,-0.55932329,-0.62422007,-0.28445283,0.71477349,0.6988893,-0.95971011,-0.9883321,-0.9526766,-0.95733081,-0.98870369,-0.95138068,-0.34052673,0.67098527,0.69520566,-0.24684623,0.72612604,0.69221508,0.44099831,-0.96668584,0.036087608,-0.049377001,-0.95190676,-0.98935775,-0.94756697,-0.2867481,-0.663361,-0.26098105,-0.87404241,0.87994752,-0.88553957,0.89099343,-0.70016852,0.70372976,-0.72843978,0.76145011,-0.81459495,0.81919269,-0.82329987,0.82375935,-0.29801672,-0.90586461,-0.13051963,0.082894156,0.0087736836,-0.010429705,-0.97910281,-0.96488315,-0.98037985,-0.9822303,-0.96940621,-0.98011664,-0.97194692,-0.96054788,-0.98284504,0.97674028,0.96346288,0.97294381,-0.97911457,-0.99964054,-0.99905034,-0.9995201,-0.9864146,-0.97803536,-0.98107111,-0.57545063,-0.55469995,-0.63109808,-0.20677338,0.07319331,-0.086054567,0.0625593,-0.65944791,0.49471112,-0.74114078,0.41104995,-0.16665218,-0.060613946,-0.19231324,0.1473841,0.12518198,-0.098655572,-0.29882446,0.036840431,-0.028327925,0.24226871,-0.93560546,-0.974279,-0.90149737,-0.9343916,-0.97589699,-0.90003646,-0.79617159,-0.92657019,-0.63798087,0.83326861,0.91464083,0.83596323,-0.89230077,-0.99533724,-0.99924536,-0.98576435,-0.93789671,-0.98292163,-0.89337229,0.50624224,0.12033653,0.66389829,-0.55038569,0.11443356,0.56438777,-0.37503316,-0.11166434,-0.15086054,0.27712934,0.16347621,-0.18463254,-0.10998446,0.30747845,0.0062920201,-0.013085801,0.75155098,0.48281689,-0.13098028,-0.050783945,-0.11555116,-0.96868632,-0.99289496,-0.98872661,-0.97334388,-0.99467205,-0.99050106,-0.96444321,-0.99240288,-0.98774296,0.97527099,0.99351968,0.98751017,-0.98836376,-0.99938111,-0.99995735,-0.99986058,-0.98153515,-0.99750097,-0.99260897,-0.42371062,-0.64330772,-0.68833547,-0.32188362,-0.28438708,-0.14923571,0.67302361,-0.054248484,-0.2160902,0.0022282088,0.2317038,-0.04995652,-0.34658894,0.046386216,0.048980364,-0.44415736,0.68474699,-0.50415608,-0.95953995,-0.92810044,-0.94363183,-0.92358874,-0.99223016,-0.95953995,-0.99811559,-0.95792741,-0.17407668,-0.33498233,0.12399426,0.061884641,0.16249627,-0.95953995,-0.92810044,-0.94363183,-0.92358874,-0.99223016,-0.95953995,-0.99811559,-0.95792741,-0.17407668,-0.33498233,0.12399426,0.061884641,0.16249627,-0.97919555,-0.9695982,-0.97376732,-0.97214664,-0.98669076,-0.97919555,-0.99939801,-0.98262328,-0.5451736,0.014996333,0.097248207,0.031667892,-0.25616214,-0.89595074,-0.87157158,-0.84709252,-0.92391648,-0.93958198,-0.89595074,-0.99282658,-0.81236409,0.5351246,-0.71280187,0.44548744,-0.058366541,0.1003383,-0.98818769,-0.98017133,-0.98065918,-0.98485392,-0.99428674,-0.98818769,-0.99982753,-0.98471087,-0.33756118,-0.29103915,0.11098091,-0.14463807,0.13962818,-0.97165536,-0.94231772,-0.96055142,-0.96925789,-0.92387798,-0.94093992,-0.96710794,-0.92869562,-0.94448677,-0.97215069,-0.94824829,-0.94031228,-0.98320014,-0.99425204,-0.98894666,-0.95765279,-0.99942435,-0.99666383,-0.99764582,-0.97655779,-0.96689633,-0.9763898,-0.71749336,-0.63159231,-0.59130248,-1.0,-0.66666667,-1.0,-0.50025257,-0.47452223,-0.32905931,-0.098634215,-0.48095365,-0.34497348,-0.75439666,-0.26226043,-0.5772818,-0.99936477,-0.99966474,-0.99966652,-0.99963255,-0.99971702,-0.99977811,-0.99984361,-0.99994314,-0.99939645,-0.99961019,-0.99975499,-0.99987698,-0.99941739,-0.99962861,-0.99545344,-0.99963656,-0.99973224,-0.99951193,-0.99925151,-0.99976402,-0.99988071,-0.99996933,-0.99634584,-0.99960776,-0.99939494,-0.99991459,-0.99661474,-0.99947209,-0.9973198,-0.99900598,-0.99969646,-0.99978859,-0.99969096,-0.99958523,-0.99957136,-0.99978748,-0.99756817,-0.9997632,-0.99968731,-0.99964167,-0.99761175,-0.99977647,-0.97850475,-0.96732876,-0.97802751,-0.98174414,-0.96435852,-0.98118607,-0.97842747,-0.96774826,-0.98037777,-0.98789982,-0.96305091,-0.98407426,-0.99714113,-0.98454108,-0.98750158,-0.97298598,-0.99964003,-0.99905037,-0.9995202,-0.98375836,-0.97655762,-0.98255491,-1.0,-0.85688002,-0.90016193,-0.68,-0.8,-0.6,-0.20103116,-0.66626567,-0.31440968,-0.5206776,-0.8619321,-0.18585103,-0.63914194,-0.50440014,-0.85439079,-0.99969,-0.99977115,-0.99971241,-0.99962733,-0.99972315,-0.99970953,-0.99977949,-0.9999985,-0.99971618,-0.99961834,-0.99970827,-0.99978306,-0.99966725,-0.99954087,-0.99581916,-0.99970659,-0.99965277,-0.99948964,-0.99928531,-0.99972487,-0.9998707,-0.99995197,-0.99875624,-0.9995151,-0.99934839,-0.99988496,-0.99894449,-0.99945034,-0.99844076,-0.99910412,-0.99967276,-0.99979981,-0.99966079,-0.99948032,-0.99944005,-0.99994404,-0.99871314,-0.99976438,-0.99959151,-0.99946293,-0.99924643,-0.99974408,-0.92903592,-0.98040988,-0.90639549,-0.93788214,-0.97108051,-0.90872234,-0.92521583,-0.97644126,-0.91418997,-0.9522376,-0.97565979,-0.91378441,-0.95403149,-0.99024251,-0.86064892,-0.94351737,-0.99780512,-0.99960267,-0.99472554,-0.98180076,-0.99307915,-0.96250494,-0.28674756,-0.60331888,-0.28914567,-0.8,-1.0,-1.0,-0.23973133,-0.45398295,-0.029943859,-0.31349857,-0.73476407,-0.11740942,-0.56127191,0.196859,-0.11739228,-0.9977165,-0.99963651,-0.999723,-0.99964763,-0.99920746,-0.99885664,-0.99874591,-0.99852438,-0.99779782,-0.99963551,-0.99898631,-0.9986479,-0.99782076,-0.99945384,-0.99937086,-0.99993855,-0.99998145,-0.99998611,-0.99995958,-0.99991727,-0.99982566,-0.9998304,-0.99953722,-0.9999787,-0.9999509,-0.99980402,-0.99956212,-0.99997448,-0.99482157,-0.99939404,-0.99954055,-0.9994069,-0.99887615,-0.9976195,-0.99422365,-0.99341601,-0.99487228,-0.99927744,-0.99853933,-0.99387273,-0.9948365,-0.99913962,-0.94955302,-0.9277368,-0.92361432,-0.93793118,-0.99570129,-0.94955302,-0.99670832,-0.97721977,-0.56919636,-1.0,-0.48252997,-0.067877209,-0.39053512,-0.97065409,-0.96669365,-0.96829499,-0.9654353,-0.99006907,-0.97065409,-0.99919807,-0.97330891,-0.89799999,-1.0,0.025961881,0.12622413,-0.21821891,-0.91120327,-0.8695917,-0.88851824,-0.85648221,-0.84253998,-0.91120327,-0.99132909,-0.96452367,-0.25214655,-1.0,-0.28113301,0.18310646,-0.14010394,-0.98644409,-0.97448719,-0.97844763,-0.97092954,-0.99243912,-0.98644409,-0.99974406,-0.98896062,-0.7852838,-1.0,-0.59477035,0.52212328,0.27362037,-0.24898426,0.29084175,-0.5117791,0.52048144,0.45663016,-0.47279521,-0.5224454
0.27965877,-0.017709722,-0.11081787,-0.99196324,-0.98555273,-0.97702801,-0.99261982,-0.985273,-0.97610116,-0.93674311,-0.57072829,-0.80582714,0.83933092,0.68922803,0.83507157,-0.98721518,-0.9999328,-0.99990429,-0.99943485,-0.99270605,-0.98740439,-0.97485022,-0.4864242,-0.63107994,-0.49622817,0.1206662,-0.084797881,0.077860738,-0.058019569,0.1684641,-0.12240223,0.14654331,0.20285866,-0.0055966105,0.055475192,0.08343626,-0.20533157,-0.57013879,0.41320641,-0.44506099,-0.29220352,0.71382801,0.706249,-0.99284951,-0.99140823,-0.97828306,-0.99368206,-0.99166403,-0.98031315,-0.35576795,0.67091914,0.69521498,-0.24684623,0.72859285,0.69918463,0.44319229,-0.96941053,0.033411608,-0.029167717,-0.99429041,-0.99275042,-0.98405021,-0.82028118,-0.7415083,-0.56311216,-0.79023714,0.79163185,-0.79266497,0.79351133,-0.58538801,0.5667517,-0.57580205,0.5966735,-0.35847086,0.35553809,-0.35232877,0.34652899,0.22270201,-0.60848503,-0.83209002,0.075401978,0.012164236,-0.01879234,-0.99171667,-0.98841734,-0.98722091,-0.99108772,-0.98680564,-0.98531456,-0.99408701,-0.99539395,-0.98840269,0.99133747,0.98845206,0.98532481,-0.98961972,-0.99990937,-0.99982176,-0.99973013,-0.98830354,-0.98449331,-0.98405252,-0.71560003,-0.7793898,-0.71698258,0.20056251,0.18597123,0.20815892,0.27418508,0.066193921,-0.082487948,0.14273007,0.17913461,-0.0033292667,0.14557483,0.044185252,0.13913779,-0.15692095,0.58830036,-0.20976515,-0.0095678443,-0.068016713,0.10884463,-0.97403259,-0.98950602,-0.958379,-0.97517784,-0.99007068,-0.95764517,-0.84279218,-0.95308318,-0.71204114,0.84377661,0.90778893,0.82284275,-0.97060702,-0.99943861,-0.99991216,-0.99883824,-0.97507313,-0.99100293,-0.96287672,0.087552439,-0.29543899,-0.0048093101,-0.31334067,0.085891994,0.10409944,0.17360057,-0.1121647,-0.025740828,0.10023679,0.10456011,0.13925081,-0.30339646,0.31490068,-0.016129291,0.62973565,0.93203146,0.64961523,-0.1237219,-0.041361064,-0.086059639,-0.99411918,-0.99833681,-0.99750611,-0.99525651,-0.99851275,-0.99763511,-0.99641393,-0.99809883,-0.99834813,0.9911363,0.99876968,0.99466728,-0.99805703,-0.99995585,-0.99999457,-0.99997951,-0.99753965,-0.99912741,-0.99718528,-0.84346162,-0.85447094,-0.8261804,-0.18291329,-0.10350191,-0.19381063,0.30215507,-0.029187853,0.013144286,0.055807124,0.19307655,0.3131442,-0.34658401,0.2171518,-0.078546081,0.14068198,-0.0008261194,-0.098478,-0.98809721,-0.98804433,-0.98924973,-0.98584925,-0.99346395,-0.98809721,-0.99977873,-0.98722842,-0.64418538,0.058407479,-0.060034469,0.20902324,-0.28128167,-0.98809721,-0.98804433,-0.98924973,-0.98584925,-0.99346395,-0.98809721,-0.99977873,-0.98722842,-0.64418538,0.058407479,-0.060034469,0.20902324,-0.28128167,-0.989696,-0.99137933,-0.99131718,-0.99265034,-0.98669076,-0.989696,-0.99981686,-0.9923285,-0.8106124,0.11451389,-0.149114,-0.0091477755,0.0036925674,-0.97188601,-0.95524118,-0.95170762,-0.96188083,-0.97940281,-0.97188601,-0.99926832,-0.95876038,0.041276193,-0.28495425,0.010383481,0.05612782,0.28212683,-0.99803333,-0.99680014,-0.9972521,-0.99716804,-0.99428674,-0.99803333,-0.99998758,-0.99749948,-0.7974422,0.28849935,-0.26721736,0.10091603,-0.22986237,-0.99212826,-0.98555581,-0.98431379,-0.99174331,-0.9853478,-0.97374549,-0.9918433,-0.98494498,-0.9790925,-0.99084513,-0.98962006,-0.96675216,-0.9960345,-0.99793195,-0.99232817,-0.98941198,-0.99993292,-0.99975155,-0.99936035,-0.98933446,-0.98871055,-0.98732866,-0.94635692,-0.90474776,-0.7827794,-1.0,-1.0,-1.0,-0.074059961,-0.012068843,0.19361204,-0.0043716316,-0.32921062,-0.4882363,-0.83633066,-0.078099055,-0.36285652,-0.99993442,-0.99994757,-0.9999289,-0.99983258,-0.99988034,-0.99989795,-0.99994281,-0.99998487,-0.99993456,-0.99989505,-0.99990201,-0.99995692,-0.9999359,-0.99984212,-0.99974323,-0.99984264,-0.99993973,-0.99979764,-0.99966724,-0.99990822,-0.99983286,-0.99999803,-0.99973889,-0.99989084,-0.99975416,-0.99989749,-0.9997522,-0.99979522,-0.99948741,-0.99929275,-0.99959607,-0.99983073,-0.99986714,-0.99969992,-0.99962478,-0.99976888,-0.99939345,-0.99971445,-0.99985999,-0.99967396,-0.999351,-0.99985584,-0.99097857,-0.98868479,-0.98611996,-0.99344821,-0.98887708,-0.98670563,-0.99124981,-0.98845144,-0.98756033,-0.99617305,-0.99123647,-0.98165402,-0.99468707,-0.99963361,-0.97909033,-0.98900714,-0.99990915,-0.99982175,-0.99973052,-0.98998433,-0.98957026,-0.98878435,-1.0,-1.0,-0.94221628,-0.52,-0.52,-0.2,0.41014767,-0.12643382,0.017978773,-0.57147502,-0.91207491,-0.55894765,-0.92303859,-0.21746357,-0.60720521,-0.99998846,-0.99993552,-0.99993097,-0.99982932,-0.99987057,-0.99984905,-0.99989419,-0.99990425,-0.9999549,-0.99988061,-0.99986471,-0.99987754,-0.9999421,-0.99979512,-0.99978311,-0.99987742,-0.99991903,-0.99980659,-0.99967991,-0.99986831,-0.99979608,-0.99999968,-0.9998446,-0.99985883,-0.99973068,-0.99982577,-0.99985336,-0.99979677,-0.99986445,-0.99953948,-0.99962982,-0.99980803,-0.99983246,-0.99957305,-0.99970247,-0.99965897,-0.99959116,-0.99974645,-0.99975083,-0.99967929,-0.9996063,-0.99981166,-0.96481783,-0.99453024,-0.95893243,-0.97693989,-0.98704276,-0.96180829,-0.97375664,-0.99263833,-0.96571304,-0.97140224,-0.98453469,-0.96200648,-0.94950018,-0.99901962,-0.92948545,-0.97578282,-0.99961281,-0.99991759,-0.99894986,-0.98347181,-0.99804024,-0.99038853,-0.49914206,-0.80375407,-0.57648166,-1.0,-1.0,-1.0,0.18557634,-0.6121641,0.14136893,0.097969157,-0.17683574,0.49581237,0.27001799,0.27800574,-0.017321556,-0.99965776,-0.99967547,-0.99980461,-0.99982333,-0.99949939,-0.99939561,-0.99906808,-0.99904734,-0.99963073,-0.99977284,-0.99940819,-0.99905891,-0.99962668,-0.99970252,-0.99985634,-0.99999672,-0.99999731,-0.99999743,-0.9999942,-0.99999252,-0.99999285,-0.99999977,-0.99990194,-0.99999697,-0.99999421,-0.99999491,-0.99990832,-0.99999671,-0.99899697,-0.99983652,-0.99988496,-0.99982479,-0.99960491,-0.9993597,-0.99811274,-0.99802241,-0.99899295,-0.99980815,-0.99954331,-0.99807368,-0.99898407,-0.99973935,-0.98746262,-0.98930324,-0.98646962,-0.99320658,-0.9959098,-0.98746262,-0.99980729,-0.98904109,-0.94618223,-0.44827586,0.30509723,-0.63757919,-0.88669947,-0.99065782,-0.99115039,-0.98945838,-0.99032934,-0.98616264,-0.99065782,-0.99986548,-0.98950249,-1.0,-0.71428571,0.37880547,-0.39566556,-0.68953901,-0.96610581,-0.95569355,-0.96210507,-0.94603964,-0.92433277,-0.96610581,-0.99884382,-0.97989202,-0.52594052,-1.0,-0.12719172,0.36483843,0.15048254,-0.99737505,-0.99580933,-0.99599687,-0.9955607,-0.99930573,-0.99737505,-0.99998525,-0.99620579,-0.95569589,-1.0,-0.088862068,-0.16000989,-0.49209381,0.54064543,0.4420906,-0.35242497,0.35709955,0.462649,-0.46929756,-0.52720981
0.27125376,-0.016499753,-0.11183572,-0.98907487,-0.97423823,-0.97345837,-0.99079254,-0.97669333,-0.97336801,-0.93449079,-0.55678255,-0.79935325,0.83680307,0.67590616,0.83399922,-0.98291218,-0.99988591,-0.99977435,-0.99929707,-0.99245109,-0.98032816,-0.97583105,-0.57171193,-0.51469908,-0.48885887,0.11496384,-0.094932281,0.22322986,0.088848109,0.23336388,-0.24258053,0.3303412,0.19470574,0.12100742,-0.070784298,0.069586681,0.13278775,-0.15052133,-0.17306781,-0.47147938,-0.29278337,0.7127728,0.70584328,-0.9947782,-0.99751956,-0.98691817,-0.99475543,-0.99744056,-0.98732386,-0.36008041,0.66707395,0.69521498,-0.24713431,0.72851236,0.70602366,0.43812765,-0.96960571,0.030429199,-0.030305379,-0.99452767,-0.9972382,-0.98849327,-0.85188619,-1.0,-0.71435013,-0.41796222,0.43014765,-0.44216824,0.4541409,-0.35752618,0.33351201,-0.35201842,0.38805357,-0.43019579,0.44052697,-0.45051641,0.45762577,-0.14276471,0.56792626,-0.73188075,0.079981658,0.0075547462,0.014954589,-0.98488614,-0.97871782,-0.98401116,-0.9862437,-0.97887999,-0.98276719,-0.98423068,-0.98572155,-0.9827655,0.97758396,0.9700512,0.98579514,-0.98444558,-0.99978341,-0.99957024,-0.99963727,-0.98613041,-0.97929585,-0.98580955,-0.61649374,-0.68323654,-0.64646217,0.048704246,0.10419888,0.027837576,0.58908846,0.074868042,-0.24587789,0.13294145,0.51382625,-0.036274931,-0.0046988851,-0.17392642,0.38520206,-0.44302476,0.11349382,-0.032632014,-0.031794507,-0.085768242,0.058793634,-0.98257506,-0.99029312,-0.98622948,-0.98543339,-0.99135695,-0.98643959,-0.87727333,-0.94977723,-0.76138617,0.82260838,0.90778893,0.81318308,-0.98120028,-0.99982118,-0.9999064,-0.99956352,-0.98833548,-0.99186462,-0.98871179,-0.45134341,-0.7114297,-0.87879417,-0.19634698,0.039425479,0.11510034,0.27521447,-0.17261641,0.048333206,0.13820281,0.034591934,0.25629556,-0.44811003,0.47077298,-0.021781765,-0.31902926,0.69070442,-0.082264971,-0.10336531,-0.043083942,-0.063913017,-0.98754288,-0.99547331,-0.99192351,-0.98990746,-0.99595783,-0.99253967,-0.98286962,-0.99491895,-0.98851942,0.98800545,0.99414552,0.99262403,-0.99427673,-0.99987293,-0.99997875,-0.99992103,-0.99454362,-0.99657761,-0.99343292,-0.61284852,-0.67110449,-0.58533231,-0.18735351,-0.09348389,-0.17596493,0.46153865,-0.11751665,0.11088543,-0.00015018057,0.47625067,0.35844941,-0.49454598,0.16994146,0.42654685,-0.15138685,0.44550776,-0.16240777,-0.98443289,-0.97835078,-0.98084586,-0.97824515,-0.99470068,-0.98443289,-0.99963639,-0.98301994,-0.49856909,0.19004795,-0.2745088,0.33661608,-0.086631183,-0.98443289,-0.97835078,-0.98084586,-0.97824515,-0.99470068,-0.98443289,-0.99963639,-0.98301994,-0.49856909,0.19004795,-0.2745088,0.33661608,-0.086631183,-0.98450238,-0.98222129,-0.98451226,-0.97822197,-0.96552347,-0.98450238,-0.99965047,-0.9866797,-0.76024202,0.23463394,-0.038323372,-0.19128748,-0.14519233,-0.98209347,-0.97809339,-0.97885086,-0.97876007,-0.97940281,-0.98209347,-0.99971916,-0.98221658,-0.16814543,-0.22265237,-0.036197734,0.18421749,0.092764513,-0.99419688,-0.99225613,-0.99233353,-0.99348573,-0.99402116,-0.99419688,-0.99995197,-0.99270735,-0.57623479,0.33209267,-0.2170661,-0.077447327,-0.17310207,-0.9867711,-0.97392213,-0.97480519,-0.99009147,-0.97493799,-0.97380856,-0.98668118,-0.97332096,-0.97274032,-0.9948859,-0.98402072,-0.97684724,-0.99411099,-0.99413775,-0.987472,-0.97988968,-0.9998931,-0.9994127,-0.99921436,-0.98599145,-0.97929907,-0.97543545,-0.87389237,-0.83986013,-0.76062688,-0.032258065,-0.73333333,-1.0,-0.08821414,0.00099912726,0.11882919,-0.58108083,-0.92656908,-0.48447118,-0.83086652,-0.53052276,-0.79577906,-0.9999457,-0.99980592,-0.99979042,-0.99986716,-0.9998006,-0.99973533,-0.9999428,-0.99997992,-0.99990186,-0.99978654,-0.9997912,-0.99995526,-0.99989568,-0.9998135,-0.99957213,-0.99941261,-0.99986533,-0.99971388,-0.99950049,-0.99952129,-0.99954051,-0.9999908,-0.99938654,-0.99979474,-0.99948382,-0.99971598,-0.99941707,-0.99964916,-0.99926326,-0.99936096,-0.99967705,-0.99984074,-0.99965424,-0.99914126,-0.99951299,-0.9997093,-0.99923625,-0.99976971,-0.99954204,-0.99957687,-0.99921624,-0.99977232,-0.98581214,-0.97876923,-0.98173227,-0.98513714,-0.98017177,-0.98479552,-0.98318464,-0.98062868,-0.98190866,-0.98739201,-0.98392363,-0.98670388,-0.9981482,-0.99301953,-0.99638312,-0.98161765,-0.99978305,-0.99957028,-0.9996376,-0.98486317,-0.98423458,-0.97556251,-1.0,-1.0,-1.0,-0.4,-0.68,-0.56,0.077076694,-0.15212578,-0.18285333,-0.24343827,-0.67334949,-0.48494452,-0.86707095,-0.66920942,-0.91835325,-0.9999613,-0.999749,-0.99983557,-0.99984733,-0.99977615,-0.99964444,-0.99989688,-0.99999822,-0.99982319,-0.99981283,-0.99971708,-0.99989836,-0.99980015,-0.99970921,-0.99967091,-0.99956542,-0.9998551,-0.99973357,-0.99955845,-0.99936724,-0.99940912,-0.99998862,-0.99953523,-0.99977774,-0.99941787,-0.99948624,-0.99960019,-0.99963021,-0.99926445,-0.9992259,-0.99975308,-0.99982415,-0.99969873,-0.99932812,-0.99961852,-0.9999443,-0.9991098,-0.99981733,-0.99957453,-0.9996323,-0.99947735,-0.99975218,-0.98064494,-0.99180919,-0.9856671,-0.98315091,-0.98936584,-0.98754575,-0.97780834,-0.99131262,-0.98569176,-0.98530157,-0.98888273,-0.99015788,-0.99737893,-0.9955251,-0.98822841,-0.98678361,-0.99981455,-0.99992758,-0.99984353,-0.98905586,-0.99402107,-0.99276299,-0.64525477,-0.7311002,-0.75107966,-0.73333333,-0.93548387,-1.0,-0.33883674,-0.2177007,0.067487136,-0.39798393,-0.75443196,-0.035852489,-0.39078619,-0.32732695,-0.69457871,-0.99983185,-0.9998024,-0.99997445,-0.99996724,-0.99993923,-0.99990293,-0.99995261,-0.9999632,-0.99981313,-0.99996816,-0.99991974,-0.99995731,-0.99981523,-0.99995413,-0.99990264,-0.99997713,-0.9999875,-0.99999557,-0.99998304,-0.99997735,-0.99996883,-0.99998059,-0.99992037,-0.99998722,-0.99998211,-0.99996971,-0.99992071,-0.99999149,-0.99988346,-0.99987358,-0.99997724,-0.99996131,-0.99997203,-0.99978622,-0.9998116,-0.99987505,-0.99984877,-0.99996223,-0.99992774,-0.9998394,-0.99984826,-0.9999528,-0.97867027,-0.98041195,-0.97362853,-0.98827702,-0.99673995,-0.97867027,-0.99954722,-0.98072203,-0.79195737,-0.79310345,0.036551761,-0.62019571,-0.88882416,-0.98165672,-0.98142677,-0.9774032,-0.98671493,-0.97239703,-0.98165672,-0.9996401,-0.98411671,-1.0,-1.0,0.2093614,-0.46889765,-0.84116472,-0.98601338,-0.97676271,-0.97709878,-0.97800645,-0.99693301,-0.98601338,-0.99968365,-0.99338377,-0.6949693,-1.0,-0.42192264,-0.18354314,-0.56756125,-0.99343288,-0.99084536,-0.99143532,-0.98925406,-0.99582821,-0.99343288,-0.99994671,-0.98988309,-0.95569589,-1.0,-0.062436915,0.24532087,-0.011971661,0.27228386,-0.32969749,0.72017844,0.58090759,0.46292427,-0.46902598,-0.52754269
0.27584018,-0.01624594,-0.11045285,-0.98970563,-0.9734615,-0.97823654,-0.99158186,-0.97565319,-0.9810902,-0.93449079,-0.55678255,-0.79935325,0.83680307,0.67590616,0.83399922,-0.98539918,-0.99990273,-0.99976296,-0.99947843,-0.99431462,-0.98206477,-0.98392313,-0.5199086,-0.48850245,-0.52794574,0.18953516,-0.085203598,0.17763562,0.24917354,0.23036378,-0.21230866,0.229451,0.34602792,0.18974893,-0.014665224,-0.16298741,0.39321366,-0.072317023,-0.38264015,-0.36667314,-0.29436433,0.71296451,0.70472381,-0.99709436,-0.99703535,-0.99599002,-0.99710635,-0.99696976,-0.99584693,-0.36174358,0.6675578,0.69099503,-0.24724979,0.72851046,0.70602366,0.43261684,-0.97013259,0.030970026,-0.033410667,-0.99735913,-0.99690162,-0.99541096,-0.69684343,-1.0,-1.0,-0.33963509,0.40513337,-0.4716709,0.53926996,-0.36405839,0.35056947,-0.38019551,0.42737646,-0.40504255,0.43525462,-0.46523499,0.49233988,0.38725778,-0.76941029,-0.82827362,0.076167712,0.023478224,-0.0048391388,-0.98474873,-0.97806803,-0.98366925,-0.98644867,-0.97809747,-0.98316496,-0.98423068,-0.98572155,-0.9827655,0.97758396,0.9700512,0.98574318,-0.98443785,-0.99978046,-0.99954962,-0.9996271,-0.9884098,-0.97882503,-0.98732034,-0.61508042,-0.63062079,-0.65786339,0.04886603,0.11357856,0.025368674,0.5937774,0.01438143,-0.17283978,-0.0072473472,0.54950458,-0.016392008,0.089151544,-0.23421512,0.13970623,-0.48856761,0.12849092,0.083775951,-0.039805701,-0.084892535,0.05032755,-0.98155781,-0.9909037,-0.99021939,-0.98496152,-0.99308434,-0.99063094,-0.87727333,-0.94977723,-0.76235438,0.82260838,0.90982693,0.81318308,-0.97513722,-0.99971936,-0.99991691,-0.99941556,-0.9929859,-0.9956944,-0.99187081,-0.65184244,-0.75773732,-0.9782363,-0.15597645,-0.056961995,0.30709611,0.081734599,-0.1670641,0.05733197,0.055536489,0.20461816,0.23694646,-0.36312526,0.35824838,-0.046250665,-0.47224055,0.52343174,-0.30863584,-0.11017411,-0.034777415,-0.05551276,-0.98516848,-0.99527143,-0.99074411,-0.98672725,-0.99584409,-0.99058601,-0.98286962,-0.99491895,-0.98851942,0.98756472,0.99414552,0.99262403,-0.99288875,-0.99983057,-0.99997728,-0.99990439,-0.99073054,-0.99610416,-0.98963977,-0.55828491,-0.60584108,-0.50945902,-0.11567745,-0.21020622,-0.10228175,0.47377207,-0.19822378,0.14481778,-0.13717729,0.4625947,0.38455997,-0.36337119,0.28545199,0.073229042,-0.19887388,0.38655892,-0.14658956,-0.98685436,-0.97842925,-0.98197989,-0.97824515,-0.99470068,-0.98685436,-0.99969068,-0.98589394,-0.53780532,0.32406462,-0.36167432,0.34363462,-0.10574901,-0.98685436,-0.97842925,-0.98197989,-0.97824515,-0.99470068,-0.98685436,-0.99969068,-0.98589394,-0.53780532,0.32406462,-0.36167432,0.34363462,-0.10574901,-0.98471928,-0.98041142,-0.98180035,-0.97822197,-0.96515116,-0.98471928,-0.99963953,-0.98402917,-0.70205728,0.22441278,-0.15657559,-0.044951397,-0.087279168,-0.97638148,-0.98067567,-0.9810486,-0.97876007,-0.9584303,-0.97638148,-0.99961434,-0.98682855,-0.21501792,-0.2635178,0.00076073536,0.17415203,0.087372981,-0.99272938,-0.99207514,-0.99172355,-0.99348573,-0.99409614,-0.99272938,-0.99993995,-0.99046915,-0.57416626,0.39414529,-0.2589794,-0.028541681,-0.24105306,-0.98719145,-0.97154825,-0.97692392,-0.99085989,-0.97513192,-0.97998568,-0.98759114,-0.97260955,-0.97577938,-0.99495719,-0.98480851,-0.98737255,-0.99328833,-0.97971109,-0.98413473,-0.98009414,-0.9999025,-0.99938473,-0.99940695,-0.9871015,-0.98447829,-0.97170504,-0.87389237,-0.74192439,-0.76062688,0.096774194,-0.73333333,-0.46153846,-0.067783525,0.14034675,0.14195843,-0.59853816,-0.92703065,-0.56277658,-0.89678073,-0.73756764,-0.92018172,-0.99995552,-0.99984108,-0.99967937,-0.99990156,-0.99977115,-0.99978074,-0.99991602,-0.99999245,-0.99992005,-0.99970152,-0.99978982,-0.99994165,-0.99990468,-0.99983739,-0.99959966,-0.99930182,-0.99990417,-0.9998055,-0.99930309,-0.9991686,-0.99948859,-0.99962913,-0.99935064,-0.99985875,-0.99920419,-0.99953164,-0.99939112,-0.99962995,-0.99949376,-0.99943207,-0.99970571,-0.99973427,-0.99961254,-0.99956727,-0.99945044,-0.99987965,-0.99944345,-0.99974943,-0.99961904,-0.99958362,-0.99942199,-0.99971818,-0.98499699,-0.97719516,-0.98004679,-0.98580736,-0.98085408,-0.98609945,-0.98403438,-0.98020785,-0.98299975,-0.98532803,-0.9850844,-0.98534525,-0.98757011,-0.98133923,-0.96898671,-0.98006594,-0.99978003,-0.99955008,-0.99962707,-0.98305284,-0.98086251,-0.98013039,-0.94369895,-1.0,-0.94221628,-0.32,-0.52,0.24,0.10034276,-0.13006848,-0.017958402,-0.20357588,-0.59015529,-0.59930204,-0.93443487,-0.67717678,-0.90203506,-0.99995841,-0.99980422,-0.99974235,-0.99988081,-0.99974764,-0.99968804,-0.99986042,-0.99997191,-0.9998573,-0.99975358,-0.99971588,-0.99985744,-0.99979151,-0.99973312,-0.99953107,-0.99956429,-0.99985581,-0.99978287,-0.99945362,-0.99921097,-0.999618,-0.99992408,-0.99950128,-0.99980151,-0.99926585,-0.99966062,-0.99957581,-0.99960245,-0.99929266,-0.99948498,-0.99972473,-0.99970354,-0.9995849,-0.99955902,-0.99914318,-0.99975314,-0.9993415,-0.99974387,-0.99955726,-0.99915938,-0.99956065,-0.99967217,-0.97569492,-0.99089974,-0.98857405,-0.983371,-0.99087687,-0.99166122,-0.97603936,-0.9905105,-0.9898974,-0.98678526,-0.99322106,-0.9939358,-0.98896342,-0.99533074,-0.99640909,-0.98525158,-0.99979434,-0.9999349,-0.9999083,-0.98613729,-0.99000202,-0.99093483,-0.58946011,-0.7319974,-0.79727352,-0.73333333,-0.93548387,-0.44827586,-0.086061338,-0.18448477,0.15529542,-0.51385013,-0.83678908,-0.47805392,-0.8355743,-0.46297986,-0.7881939,-0.99983715,-0.99965773,-0.99994443,-0.99992868,-0.99989777,-0.99978777,-0.99975508,-0.99981379,-0.99979699,-0.99992828,-0.9998441,-0.99978107,-0.99979773,-0.99990444,-0.99992506,-0.99996993,-0.99998441,-0.99999793,-0.99998109,-0.99996909,-0.99994251,-0.99996543,-0.99993079,-0.99998505,-0.99997885,-0.99994465,-0.9999289,-0.99999227,-0.99995579,-0.99986946,-0.99996101,-0.99995346,-0.99994839,-0.99986846,-0.9998185,-0.9999959,-0.99991621,-0.99994296,-0.99993255,-0.99989584,-0.9999132,-0.99994887,-0.98010146,-0.97961224,-0.97696067,-0.98287721,-0.99069619,-0.98010146,-0.9995494,-0.98532059,-0.79195737,-1.0,0.12602159,-0.34092173,-0.65277761,-0.98035093,-0.97882128,-0.97312823,-0.98501574,-0.97760467,-0.98035093,-0.99958568,-0.97866843,-1.0,-1.0,0.21051737,-0.52236445,-0.868583,-0.98295565,-0.98215795,-0.97885975,-0.98675047,-0.99375931,-0.98295565,-0.99974577,-0.98763456,-0.69436516,-1.0,-0.078435829,-0.55933236,-0.87139483,-0.9925931,-0.9914431,-0.99276396,-0.98901392,-0.99322722,-0.9925931,-0.9999445,-0.99107152,-0.95569589,-1.0,0.16504339,0.43859239,0.28366672,0.13865597,-0.34972443,0.5532607,-0.10719869,0.46396021,-0.46976198,-0.52696355
0.27093382,-0.017950489,-0.10416119,-0.98995123,-0.95726988,-0.97582333,-0.99156472,-0.96509779,-0.97624142,-0.92773279,-0.53810596,-0.80208263,0.83295027,0.65611329,0.83730278,-0.9816831,-0.999898,-0.99948825,-0.99937659,-0.99253066,-0.98118706,-0.97748333,-0.62447459,-0.46311767,-0.40796286,0.20949101,-0.09998669,0.096803004,0.02231016,0.28783608,-0.26319547,0.37238359,0.094528279,0.16460478,-0.040115785,0.1931627,-0.0046820993,0.25433931,-0.2307073,-0.00025449833,-0.29550854,0.71305689,0.70470156,-0.99552946,-0.99606647,-0.99497385,-0.99581863,-0.99602928,-0.99493184,-0.36369813,0.66773355,0.69163326,-0.25052576,0.72810995,0.70570384,0.430608,-0.97050986,0.031231097,-0.033471762,-0.99740621,-0.99589807,-0.99470915,-1.0,-1.0,-0.93827005,-0.43926662,0.46279292,-0.48660146,0.51079831,-0.33153823,0.33178873,-0.37844079,0.44346572,-0.14941287,0.17322683,-0.19693717,0.2183893,0.59717561,-0.3832857,-0.9211064,0.074084484,0.0087903268,-0.0031707851,-0.98460324,-0.96058307,-0.97937936,-0.98617528,-0.95955213,-0.97625613,-0.97057105,-0.96255256,-0.98318393,0.98387815,0.97362112,0.98574318,-0.97658031,-0.99977724,-0.99885013,-0.99948559,-0.98682334,-0.96402632,-0.97152798,-0.62017645,-0.4880312,-0.55529185,0.21749052,0.16383642,0.2484399,0.21391268,0.17891287,-0.26606867,0.34446378,0.27813017,-0.00047779509,0.074990568,-0.062935364,0.56370042,-0.20774766,0.35502493,0.31436558,-0.038316522,-0.08137097,0.061304272,-0.97923336,-0.99296268,-0.99004783,-0.98497724,-0.99526124,-0.99031197,-0.86797383,-0.95094721,-0.75887951,0.81908909,0.90982693,0.81896765,-0.98044672,-0.99969565,-0.99994916,-0.99967178,-0.99251029,-0.99801842,-0.9920715,-0.71294602,-0.77866592,-0.90890137,-0.17747622,-0.10237764,0.46694232,-0.040255267,-0.0085892028,-0.11607284,0.27928292,0.097074911,0.042732145,-0.079173568,0.1750308,-0.18440156,-0.36087825,0.5180862,-0.1882476,-0.096385461,-0.040929341,-0.045889313,-0.98438399,-0.9961416,-0.99167082,-0.98754698,-0.99674736,-0.9911794,-0.97904063,-0.99663849,-0.98952373,0.98530766,0.99685214,0.99597367,-0.99376249,-0.99981629,-0.99998318,-0.99991757,-0.9932962,-0.99750217,-0.98898936,-0.54522876,-0.67915029,-0.50795542,-0.1046695,-0.34251121,0.034662088,0.51895039,0.018068926,-0.12319659,0.22925674,0.013918623,0.20550703,-0.039985882,0.32377804,-0.012776361,-0.0087312852,0.19811201,-0.12190353,-0.98269411,-0.96879441,-0.9754089,-0.96489135,-0.99429701,-0.98269411,-0.99951071,-0.98402236,-0.48071473,0.23208025,-0.17637978,0.091378443,-0.079997058,-0.98269411,-0.96879441,-0.9754089,-0.96489135,-0.99429701,-0.98269411,-0.99951071,-0.98402236,-0.48071473,0.23208025,-0.17637978,0.091378443,-0.079997058,-0.97748875,-0.97396866,-0.97423527,-0.97294429,-0.96900388,-0.97748875,-0.99940326,-0.97404788,-0.57634337,0.30433965,-0.19858159,0.16883864,-0.43770208,-0.98048732,-0.97585012,-0.97724423,-0.97687433,-0.98970529,-0.98048732,-0.99967273,-0.98509857,-0.12681202,-0.22814826,-0.019851682,0.23512899,-0.034624371,-0.99355884,-0.99106804,-0.99176377,-0.99163587,-0.99409614,-0.99355884,-0.99994267,-0.99328948,-0.56127577,0.065248601,-0.14924951,0.23784096,-0.28830752,-0.98625996,-0.95450269,-0.97764375,-0.99185098,-0.96046836,-0.97568201,-0.98801919,-0.95633551,-0.97452946,-0.99506297,-0.97770228,-0.98352312,-0.99087084,-0.98925275,-0.99406953,-0.97463739,-0.99990606,-0.99866697,-0.99931252,-0.97852531,-0.96442989,-0.98073517,-0.90731609,-0.70313552,-0.71840469,-0.67741935,-0.6,0.0,-0.0035694027,0.078238257,0.17190857,-0.6688076,-0.94105351,-0.57691445,-0.89588878,-0.60189724,-0.85791817,-0.99993774,-0.99990681,-0.99972229,-0.9997916,-0.99961296,-0.99985018,-0.99986552,-0.99998828,-0.99992521,-0.99970552,-0.99971695,-0.99990668,-0.99991253,-0.99972384,-0.9987868,-0.99920965,-0.99940708,-0.99947812,-0.99876117,-0.99865009,-0.99834249,-0.99996636,-0.99868038,-0.99928379,-0.99860911,-0.99897434,-0.99869089,-0.99920262,-0.99963324,-0.99874037,-0.99971732,-0.99985327,-0.99955259,-0.99914378,-0.99982009,-0.99998076,-0.9993319,-0.99979994,-0.99946027,-0.9998759,-0.99931684,-0.99975796,-0.98367099,-0.95922794,-0.9795193,-0.98720879,-0.96528751,-0.97753866,-0.98230001,-0.96375984,-0.97855092,-0.99194055,-0.97640518,-0.97699826,-0.99190698,-0.99126153,-0.99295848,-0.97328847,-0.99977683,-0.99885017,-0.99948557,-0.98067063,-0.96732042,-0.98364559,-1.0,-0.89481271,-0.83215034,-0.16,-0.44,-0.48,0.24352479,-0.058095746,-0.037206943,-0.64083552,-0.90742773,-0.6326925,-0.94452406,-0.18750139,-0.63947234,-0.99996294,-0.99989981,-0.99971632,-0.99976438,-0.99956813,-0.99979278,-0.9997664,-0.99998991,-0.9999206,-0.99968171,-0.99963842,-0.99976853,-0.99983206,-0.99959511,-0.99842485,-0.99932839,-0.99918708,-0.9994506,-0.99885068,-0.99816993,-0.9981614,-0.99993965,-0.99902686,-0.99915687,-0.99833075,-0.99838974,-0.99893625,-0.99903303,-0.99977214,-0.9984302,-0.9996858,-0.99984377,-0.99957578,-0.99912236,-0.99967661,-0.99996139,-0.99860923,-0.99979254,-0.99941831,-0.99968939,-0.9992093,-0.99970272,-0.97761174,-0.99351035,-0.98705999,-0.97975395,-0.99257204,-0.99214885,-0.97247445,-0.99306867,-0.99051536,-0.98538124,-0.99421115,-0.99250323,-0.99799289,-0.99972434,-0.99572904,-0.98678733,-0.99974436,-0.99995686,-0.99990582,-0.99243776,-0.99488648,-0.98698739,-0.63933447,-0.79075823,-0.86270321,-0.66666667,-0.74193548,-1.0,-0.43967136,-0.23661373,0.33189288,-0.47511426,-0.83465912,-0.40412546,-0.78662146,-0.2953972,-0.59428396,-0.99975624,-0.99979547,-0.99997955,-0.99996594,-0.99995022,-0.99990725,-0.99993613,-0.99999237,-0.99974095,-0.99997173,-0.99992912,-0.99996103,-0.99974457,-0.99995589,-0.99994316,-0.99998606,-0.99999164,-0.99999255,-0.9999937,-0.99997359,-0.99995513,-0.99999998,-0.99995346,-0.99999019,-0.99998992,-0.99996849,-0.99995343,-0.99999163,-0.9999424,-0.99992655,-0.99992472,-0.99991871,-0.99989402,-0.99985958,-0.99980991,-0.99988324,-0.99992259,-0.99989153,-0.99989025,-0.99984201,-0.99991468,-0.99991178,-0.97078934,-0.97121228,-0.97042308,-0.97323521,-0.99542885,-0.97078934,-0.9991972,-0.98010523,-0.76371269,-1.0,0.085802997,-0.13943804,-0.4211392,-0.97476641,-0.97100881,-0.97496056,-0.96657952,-0.98662658,-0.97476641,-0.99936377,-0.98017885,-0.940965,-1.0,0.14484189,0.31164509,0.089749435,-0.98273604,-0.97534885,-0.97434925,-0.97651704,-0.997659,-0.98273604,-0.99962427,-0.98829811,-0.65237612,-1.0,-0.33496382,-0.20887425,-0.56682305,-0.99219705,-0.98977971,-0.99100191,-0.98814835,-0.99041529,-0.99219705,-0.99993318,-0.99230989,-0.92345186,-1.0,-0.13239613,0.27350896,-0.026610016,-0.14113757,0.62634775,0.49887816,-0.43592667,0.46477362,-0.46989082,-0.52697546
0.27529636,-0.018360625,-0.10269759,-0.98922103,-0.95911835,-0.97612176,-0.99089461,-0.96984659,-0.97587757,-0.92773279,-0.53810596,-0.80208263,0.83295027,0.65611329,0.84167306,-0.98259027,-0.99989512,-0.99952317,-0.9993661,-0.99297564,-0.9848065,-0.97562392,-0.53649781,-0.5258109,-0.36191813,0.22007616,-0.11484863,0.088194897,0.0094105074,0.31030133,-0.30751574,0.47137778,-0.012358071,0.12839529,-0.14458766,0.56915202,-0.3435736,0.30906978,-0.25246981,0.016390266,-0.29728819,0.71239263,0.70616509,-0.99351738,-0.99501429,-0.98723795,-0.99356293,-0.99497982,-0.98669631,-0.36369813,0.66773355,0.69398899,-0.25125469,0.72796601,0.70570384,0.42929265,-0.9710917,0.029358812,-0.029414246,-0.99341058,-0.99525605,-0.98475186,-1.0,-1.0,-0.69317526,-0.45536878,0.46490296,-0.47434853,0.48383441,-0.30601381,0.30462268,-0.35112846,0.41656194,-0.18086301,0.19950132,-0.21795848,0.2340638,0.98460294,-0.87117569,-0.88740817,0.075101097,0.0035205348,-0.0061039905,-0.98476635,-0.96210464,-0.98074996,-0.98663841,-0.96342446,-0.97752012,-0.97057105,-0.96255256,-0.98318393,0.98387815,0.97362112,0.98819369,-0.97830821,-0.99978084,-0.99892291,-0.99953274,-0.98641106,-0.97372511,-0.97233315,-0.63986539,-0.55974789,-0.54796477,0.24806065,0.18619981,0.24539023,0.2621469,0.21387432,-0.32964407,0.42557265,0.3102667,0.053011152,-0.15767137,0.155014,0.64696465,-0.15576589,0.30560677,0.31457385,-0.031297669,-0.07805125,0.076410418,-0.9814521,-0.99500868,-0.99187566,-0.98880697,-0.99639536,-0.99242306,-0.86797383,-0.95094721,-0.75887951,0.81908909,0.91197752,0.82060203,-0.99045147,-0.99980334,-0.99997263,-0.99989821,-0.99588846,-0.99729215,-0.99451003,-0.6259285,-0.73213071,-0.83357873,-0.11829178,-0.090144129,0.2958554,0.24354117,0.11106494,-0.20808153,0.47800715,-0.12854122,-0.039156828,0.0013513498,0.16944149,-0.088809253,-0.48307832,0.52489083,-0.161788,-0.083720783,-0.04561625,-0.048445081,-0.98676196,-0.99696718,-0.99276373,-0.99063247,-0.99769559,-0.99332634,-0.97904063,-0.99674791,-0.98952373,0.98530766,0.99685214,0.99401172,-0.99559273,-0.99985882,-0.99998798,-0.99993241,-0.99421733,-0.9989035,-0.99447368,-0.5805327,-0.7768903,-0.58703981,-0.1980304,-0.21756555,-0.050613198,0.51673197,0.17208918,-0.14625786,0.3845054,0.22345461,0.06861757,0.025525847,0.18533877,0.21857576,0.068893085,0.26961055,-0.062109441,-0.98319644,-0.96897708,-0.97572087,-0.96489135,-0.99468086,-0.98319644,-0.99952478,-0.9850179,-0.48983517,0.13396856,-0.074099045,-0.027183793,-0.0064381804,-0.98319644,-0.96897708,-0.97572087,-0.96489135,-0.99468086,-0.98319644,-0.99952478,-0.9850179,-0.48983517,0.13396856,-0.074099045,-0.027183793,-0.0064381804,-0.97860358,-0.97498199,-0.97670403,-0.97294429,-0.97235747,-0.97860358,-0.99944314,-0.98125079,-0.60559745,0.42155342,-0.14071438,0.075513382,-0.61395429,-0.99011226,-0.97464197,-0.9777904,-0.97687433,-0.99757706,-0.99011226,-0.99981821,-0.98972992,-0.27946523,-0.13455123,-0.077153833,0.27064476,-0.1166488,-0.9954896,-0.99119224,-0.99240177,-0.99163587,-0.99716356,-0.9954896,-0.99995669,-0.99375572,-0.57660545,-0.077543699,-0.039285412,0.22261268,-0.26421148,-0.98602048,-0.954206,-0.98035384,-0.99077179,-0.96352811,-0.97452648,-0.98801433,-0.95630328,-0.97452433,-0.99244588,-0.98147025,-0.96990899,-0.99187928,-0.98962603,-0.99704453,-0.97534144,-0.99989532,-0.99876203,-0.99932449,-0.98517828,-0.96141801,-0.97405682,-0.90731609,-0.65429363,-0.75496674,-1.0,-0.66666667,0.0,-0.037717586,0.066411313,0.080768105,-0.49399393,-0.81466927,-0.67524413,-0.94588842,-0.31107152,-0.55870292,-0.99992043,-0.99990621,-0.99975458,-0.99977238,-0.99960561,-0.99987322,-0.99986283,-0.99999058,-0.99991121,-0.99972749,-0.99972099,-0.99990566,-0.99990182,-0.99971207,-0.99894296,-0.99918599,-0.99937127,-0.9994636,-0.99918704,-0.99867409,-0.99817023,-0.99989408,-0.99878786,-0.99924498,-0.99892963,-0.99883868,-0.9987828,-0.99929159,-0.99965361,-0.99867052,-0.99968824,-0.99994927,-0.99980658,-0.99945727,-0.99974636,-0.99988535,-0.99932567,-0.99981617,-0.99974777,-0.99979504,-0.99930479,-0.99990857,-0.98343243,-0.96093984,-0.98413388,-0.98792873,-0.96643223,-0.97598642,-0.98421084,-0.96396234,-0.98168646,-0.99027116,-0.97895477,-0.95984966,-0.98825492,-0.99557388,-0.99131719,-0.97552216,-0.99978042,-0.99892311,-0.99953275,-0.98313794,-0.97065908,-0.98211247,-1.0,-1.0,-0.94221628,-0.16,-0.48,-0.48,0.26243714,-0.17830779,-0.13261922,-0.63083983,-0.87306979,-0.65970295,-0.9647077,0.55221634,0.45150049,-0.99996626,-0.99989621,-0.99974423,-0.99974879,-0.99954223,-0.99981371,-0.9997629,-0.9999756,-0.99991978,-0.99969701,-0.99962964,-0.99976233,-0.99984215,-0.9995777,-0.99862234,-0.99934381,-0.99917958,-0.99947139,-0.99919987,-0.9983974,-0.99787341,-0.99999519,-0.99908735,-0.9991612,-0.99871197,-0.99814508,-0.99897695,-0.99919322,-0.99984675,-0.998234,-0.99966645,-0.99996267,-0.99976763,-0.99940719,-0.9996414,-0.99987808,-0.99846784,-0.99984078,-0.99965112,-0.99964644,-0.99913335,-0.99986638,-0.975859,-0.99435077,-0.98985119,-0.98317023,-0.99543719,-0.99338002,-0.97766068,-0.99522349,-0.99079208,-0.98569599,-0.99719395,-0.99627229,-0.98508273,-0.9968851,-0.99736009,-0.98720285,-0.99979217,-0.99997449,-0.99993052,-0.989251,-0.99536071,-0.9884058,-0.60503139,-0.82721239,-0.83899298,-0.66666667,-0.74193548,-0.37931034,0.06595707,0.11126541,0.21815518,-0.41610419,-0.77801656,-0.57776644,-0.90366713,-0.59176182,-0.87678782,-0.99983925,-0.99963439,-0.99993806,-0.99993313,-0.99985723,-0.99983899,-0.99967639,-0.99970749,-0.99979556,-0.99992497,-0.99983685,-0.99969017,-0.99979597,-0.99990556,-0.99997523,-0.99998795,-0.99998903,-0.99999252,-0.99999521,-0.99995611,-0.99995506,-0.99997381,-0.99997629,-0.99998774,-0.99998755,-0.9999571,-0.99997336,-0.99999087,-0.99997073,-0.9999076,-0.99990931,-0.9999697,-0.99996812,-0.99992868,-0.99994044,-0.99995945,-0.9999432,-0.99990152,-0.99996327,-0.99994892,-0.99993311,-0.99996961,-0.97050778,-0.97169293,-0.96986109,-0.97513554,-0.98767904,-0.97050778,-0.99920616,-0.97975942,-0.73917664,-1.0,0.012383059,-0.2414127,-0.54071598,-0.97705145,-0.97049097,-0.97500862,-0.9668949,-0.97465668,-0.97705145,-0.99940321,-0.98340299,-0.940965,-1.0,0.19274488,0.3512704,0.058392955,-0.97845225,-0.97612629,-0.97391027,-0.97936507,-0.97932508,-0.97845225,-0.99959015,-0.98357289,-0.61081544,-1.0,-0.10898604,-0.35964901,-0.71750727,-0.9926084,-0.98957618,-0.98894047,-0.99077548,-0.99975844,-0.9926084,-0.99993472,-0.98932613,-0.89584702,-1.0,-0.38878596,-0.18744828,-0.60767437,-0.23511251,0.87698971,0.56821575,-0.030386972,0.46609159,-0.46897753,-0.52816133
0.28065611,-0.016829629,-0.11040388,-0.99556279,-0.994353,-0.99698592,-0.99579583,-0.99399396,-0.996834,-0.93675602,-0.57508697,-0.82614904,0.84954358,0.69305413,0.8441429,-0.99742839,-0.99996966,-0.9999721,-0.99995372,-0.99552388,-0.99395474,-0.99580731,-0.55933473,-0.71391391,-0.73261068,0.245523,-0.1275168,0.080425081,0.10608073,0.35824331,-0.26441318,0.46861917,-0.025780135,0.48763163,-0.2260757,0.42608424,-0.083913264,0.087005892,0.15068925,-0.15159135,-0.29735006,0.71214763,0.70755439,-0.99474725,-0.9973575,-0.99532517,-0.99448165,-0.99715595,-0.99520223,-0.36476399,0.66639738,0.69398899,-0.25125469,0.72796601,0.70863564,0.43222063,-0.97111253,0.028667134,-0.025567346,-0.9937084,-0.99674583,-0.9948142,-1.0,-1.0,-1.0,-0.33371264,0.33555732,-0.33697737,0.3380969,-0.1270525,0.080237144,-0.090654399,0.12550057,0.098043288,-0.094817719,0.091727908,-0.090348546,0.98986773,-0.54340454,-0.59974878,0.075694892,0.011602797,-0.002806123,-0.99335391,-0.99266508,-0.99480427,-0.99314368,-0.99090362,-0.99397432,-0.99492123,-0.99375394,-0.99197394,0.99450528,0.99525429,0.99450225,-0.99479031,-0.99993268,-0.99990257,-0.99990986,-0.99133989,-0.98946826,-0.98901354,-0.76124416,-0.83690284,-0.76089534,0.21385297,0.22314867,0.10832145,0.47059184,0.24633474,-0.21827613,0.46389293,0.46871126,0.29892755,-0.083762273,0.30484775,0.40407234,-0.15801812,0.52419927,0.013111847,-0.028670618,-0.074930782,0.083964519,-0.99786063,-0.9986425,-0.99734875,-0.99791073,-0.99878155,-0.99803399,-0.88618446,-0.95712391,-0.75933708,0.84493335,0.91534259,0.82594735,-0.99876131,-0.99999411,-0.99999562,-0.99998376,-0.99795369,-0.99920136,-0.99866139,-0.7375407,-0.74815667,-0.75038928,0.13421402,-0.11171616,0.18371527,0.28032543,0.12301021,-0.21237443,0.28497646,0.1135887,0.58398663,-0.40206637,0.43749875,0.17114219,0.10493404,-0.054914389,0.099835444,-0.097581424,-0.039389542,-0.05409331,-0.99820243,-0.99999644,-0.99587051,-0.9981256,-0.99998709,-0.99605337,-0.99780982,-0.9994351,-0.99373293,0.99733426,0.99999186,0.99401172,-0.99938022,-0.99999122,-0.99999999,-0.99996787,-0.99754218,-0.99989635,-0.99639347,-0.86349227,-0.96321766,-0.66498742,0.14354182,-0.12558677,0.14564952,0.21133306,0.15290064,-0.10077002,0.20455879,0.25505323,0.53362435,-0.22828381,0.39083702,0.5392753,-0.090573069,-0.069324252,0.10951133,-0.99784748,-0.99914894,-0.99918878,-0.99596556,-0.99563231,-0.99784748,-0.99998026,-0.99812579,-0.93580247,0.35298281,-0.23084074,0.21217562,-0.37279806,-0.99784748,-0.99914894,-0.99918878,-0.99596556,-0.99563231,-0.99784748,-0.99998026,-0.99812579,-0.93580247,0.35298281,-0.23084074,0.21217562,-0.37279806,-0.99468052,-0.99712415,-0.9973461,-0.99514281,-0.97235747,-0.99468052,-0.99992451,-0.99659079,-0.9420289,0.30265592,-0.13165747,0.15995545,-0.54130122,-0.99875598,-0.99834642,-0.99814271,-0.99873598,-0.99757706,-0.99875598,-0.99999345,-0.99822015,-0.78793108,0.29561026,-0.41839777,0.33917886,-0.10047451,-0.99942053,-0.99892105,-0.99908729,-0.99834617,-0.99716356,-0.99942053,-0.99999692,-0.9996002,-0.8676532,0.6226996,-0.27617772,-0.16012533,-0.35734868,-0.99418849,-0.99329066,-0.99796673,-0.99623463,-0.99421388,-0.99563768,-0.99504276,-0.99324521,-0.99629726,-0.99734721,-0.9962271,-0.99358649,-0.99897647,-0.99682731,-0.99722136,-0.99745718,-0.99997091,-0.99992749,-0.99994566,-0.99141575,-0.99433408,-0.99383718,-1.0,-1.0,-0.94419022,-1.0,-0.13333333,-0.076923077,-0.023224243,0.17660561,0.47165938,-0.59519167,-0.89965751,-0.61054951,-0.90431925,-0.5246957,-0.77907493,-0.99998019,-0.99996224,-0.99991405,-0.99992966,-0.99986764,-0.99989835,-0.99997034,-0.9999997,-0.99997542,-0.99991128,-0.99989422,-0.9999802,-0.9999728,-0.99990767,-0.9999574,-0.99989273,-0.99991538,-0.9999273,-0.99990902,-0.99992844,-0.99981487,-0.99999676,-0.99992876,-0.99990478,-0.99993866,-0.99988597,-0.99992142,-0.99994855,-0.99998863,-0.9997472,-0.99986708,-0.99991814,-0.9999231,-0.99979768,-0.99966088,-0.99999488,-0.99994067,-0.99991895,-0.9999308,-0.9997673,-0.99993499,-0.99993851,-0.99292239,-0.99361018,-0.9950027,-0.99451907,-0.99194968,-0.99295029,-0.99241531,-0.992681,-0.9940831,-0.99498954,-0.99137644,-0.99130356,-0.99779654,-0.99497731,-0.97821975,-0.99496936,-0.99993254,-0.99990255,-0.99990984,-0.99088696,-0.99506433,-0.9934217,-1.0,-1.0,-1.0,-0.12,-0.48,-0.52,0.24348666,-0.0026198918,0.23396343,-0.63260027,-0.8547402,-0.37139637,-0.82423194,-0.30079514,-0.73126845,-0.99999362,-0.9999593,-0.99991533,-0.99992742,-0.99984939,-0.99985719,-0.99994856,-0.99999748,-0.99997245,-0.99991135,-0.99985384,-0.999949,-0.99995009,-0.99986024,-0.99996951,-0.99990733,-0.99990275,-0.99992102,-0.99991247,-0.99989955,-0.99977159,-0.99999257,-0.99991562,-0.9999009,-0.99993321,-0.99980347,-0.99989785,-0.99994674,-1.0,-0.99972511,-0.99986584,-0.9999227,-0.99991823,-0.99979269,-0.9994615,-0.99987535,-0.99979812,-0.99992315,-0.99988281,-0.99947542,-0.99985981,-0.99993313,-0.9975331,-0.99907512,-0.99661012,-0.99790601,-0.99828155,-0.99787436,-0.99758228,-0.99877139,-0.99706441,-0.99749243,-0.99820566,-0.99858211,-0.99983217,-0.99895067,-0.99938266,-0.99894881,-0.99999355,-0.99999552,-0.99998455,-0.99840108,-0.99980069,-0.99599356,-0.95391262,-0.95530222,-1.0,-0.6,-1.0,-0.10344828,0.053490933,-0.12692196,0.41567081,-0.37369586,-0.68609279,-0.30152731,-0.71515681,-0.63698658,-0.88475629,-0.999995,-0.99998569,-0.99999348,-0.99999433,-0.9999857,-0.99998818,-0.99999136,-0.99999993,-0.99999348,-0.99999452,-0.99998668,-0.99999517,-0.99999352,-0.99999301,-0.99999111,-0.99999841,-0.99999978,-0.99999981,-0.99999959,-0.99999396,-0.99999183,-0.99999816,-0.99999379,-1.0,-0.99999885,-0.99999349,-0.99999477,-0.99999998,-0.99999561,-0.99997061,-0.99997022,-0.99998525,-0.99997509,-0.99994869,-0.99989398,-0.99999989,-0.99998798,-0.99996713,-0.99997378,-0.99994024,-0.99998587,-0.99998359,-0.99960046,-0.99813905,-0.99756565,-0.99810343,-0.99294945,-0.99960046,-0.99999098,-0.99831351,-1.0,-1.0,0.59274585,-0.66696307,-0.88050053,-0.99665125,-0.99620739,-0.99632905,-0.9951555,-0.98502385,-0.99665125,-0.99996115,-0.99949935,-1.0,-1.0,0.43685054,-0.462779,-0.74953879,-0.99900385,-0.99792899,-0.99788533,-0.99815932,-0.99854578,-0.99900385,-0.99999281,-0.99925707,-1.0,-0.84615385,0.098529621,-0.54650601,-0.85221073,-0.99907478,-0.99837768,-0.99835433,-0.99812267,-0.99880629,-0.99907478,-0.99999619,-0.99753905,-1.0,-0.96825397,0.39984404,-0.41902983,-0.6692181,0.19529474,0.25999662,0.48972775,-0.58169047,0.46622984,-0.46819223,-0.52900354
0.2747564,-0.017430535,-0.11037073,-0.99699705,-0.99452965,-0.99683339,-0.99772142,-0.99389583,-0.99729517,-0.93998292,-0.57502585,-0.82646684,0.84954358,0.69338099,0.84313164,-0.99849518,-0.99998149,-0.99997317,-0.99995129,-0.99823733,-0.9929807,-0.99819037,-0.7177413,-0.73215656,-0.75971029,0.46275323,-0.28765166,0.18092477,0.25031235,0.26681943,-0.13558849,0.25600173,0.17402018,0.26607936,-0.1097384,0.31490489,-0.22198002,-0.16187463,-0.168829,0.088692617,-0.29662912,0.71246073,0.70691506,-0.99727632,-0.99862465,-0.99717886,-0.99730385,-0.99856767,-0.99762074,-0.36476399,0.66639738,0.6936446,-0.25021009,0.72845737,0.70871016,0.43274888,-0.97087814,0.029549086,-0.027342278,-0.99734667,-0.9983972,-0.9985632,-1.0,-1.0,-1.0,-0.3335141,0.34529415,-0.35722061,0.36941111,-0.13026295,0.083880249,-0.094667653,0.12992383,-0.12587453,0.14790475,-0.16987289,0.18967887,0.96331641,-0.27828935,-0.28009325,0.075503672,0.01250161,0.0025078643,-0.99432938,-0.99290877,-0.99658163,-0.99471338,-0.99102604,-0.99634674,-0.9904863,-0.99398933,-0.99630412,0.99570557,0.99704882,0.99451694,-0.99634498,-0.9999453,-0.99990665,-0.99994368,-0.99325384,-0.98986593,-0.99292245,-0.81994925,-0.83690284,-0.79015164,0.36849325,0.050210502,0.22734469,0.39353918,0.101892,-0.035651956,0.28812428,0.30190914,0.17117903,0.0091492689,0.2473729,0.29275697,-0.29693296,0.076316205,0.29577075,-0.027300452,-0.074637829,0.085989571,-0.99833827,-0.99941978,-0.99653962,-0.9983225,-0.99952833,-0.99667311,-0.88712666,-0.95712391,-0.75763452,0.84548924,0.91552351,0.828791,-0.99910852,-0.99999632,-0.9999984,-0.99998025,-0.99846855,-0.99959378,-0.99738034,-0.69375669,-0.7886511,-0.64122064,0.23715004,-0.14490558,0.3213299,0.1203593,0.19521426,-0.20606779,0.25422766,0.11036927,0.52613993,-0.26172842,0.26486731,0.25961307,-0.074470329,-0.15014087,0.0013859106,-0.09829472,-0.040484411,-0.052458306,-0.99800465,-1.0,-0.9944816,-0.99777745,-0.99992896,-0.99416695,-0.99780982,-0.99972097,-0.99338263,0.99683149,0.99985822,0.99574036,-0.99882866,-0.99999006,-1.0,-0.99995324,-0.99700693,-0.99967498,-0.99351577,-0.83538,-0.97499475,-0.63139915,0.2281272,-0.13160818,0.32161364,0.2226184,0.18663444,-0.047793436,0.24576897,0.13277157,0.45670084,-0.074342495,0.34974994,0.2426799,-0.046150092,-0.21613834,0.054114582,-0.99884635,-0.99814316,-0.99901707,-0.99515606,-0.99927144,-0.99884635,-0.99998909,-0.99912623,-0.93536853,0.30400903,-0.23814917,0.38351105,-0.49839102,-0.99884635,-0.99814316,-0.99901707,-0.99515606,-0.99927144,-0.99884635,-0.99998909,-0.99912623,-0.93536853,0.30400903,-0.23814917,0.38351105,-0.49839102,-0.9961892,-0.99741998,-0.9974159,-0.99676012,-0.99631626,-0.9961892,-0.99994619,-0.99634028,-0.92137071,0.25793126,-0.049283144,-0.21842657,-0.15513433,-0.99912222,-0.99890505,-0.99864117,-0.99954612,-0.99768676,-0.99912222,-0.9999958,-0.99846472,-0.82293551,0.64715882,-0.56374836,0.14164202,0.017869565,-0.9988234,-0.99895175,-0.99906425,-0.99840477,-0.9948766,-0.9988234,-0.99999469,-0.99911231,-0.89995155,0.70192318,-0.35012453,-0.3153041,-0.16026931,-0.99601085,-0.99224196,-0.99671536,-0.99748768,-0.9951991,-0.996267,-0.99697171,-0.99350789,-0.99542664,-0.99803399,-0.99687121,-0.99627309,-0.99724943,-0.99754477,-0.99424978,-0.99764355,-0.99998246,-0.99993024,-0.99994266,-0.99516521,-0.99275431,-0.99099238,-1.0,-1.0,-0.94419022,-0.41935484,-0.4,-1.0,0.12736047,0.17740678,0.32027074,-0.5795768,-0.89061371,-0.7253062,-0.9509679,-0.71355072,-0.89696058,-0.99999188,-0.99996058,-0.99996026,-0.99993925,-0.99990835,-0.99986506,-0.9999706,-0.99999883,-0.99998427,-0.9999538,-0.99990719,-0.99998007,-0.9999843,-0.99992076,-0.99995601,-0.99989256,-0.99993998,-0.99992025,-0.99987654,-0.99996282,-0.99984435,-0.9999984,-0.9999276,-0.99992652,-0.99992811,-0.99990467,-0.99992471,-0.99994005,-0.99993215,-0.99983299,-0.99992287,-0.99992687,-0.99992851,-0.9998698,-0.99970053,-0.99994363,-0.99992318,-0.99995769,-0.99995395,-0.99978003,-0.99992972,-0.99995135,-0.99439777,-0.99264793,-0.99636791,-0.99473717,-0.99377829,-0.99519322,-0.99238712,-0.99431603,-0.99519392,-0.99601943,-0.99348834,-0.99378634,-0.99620665,-0.99598491,-0.99369498,-0.99586539,-0.99994519,-0.99990664,-0.99994368,-0.99017408,-0.99562198,-0.994868,-1.0,-1.0,-1.0,-0.12,-0.44,-0.44,0.40143416,-0.072564358,0.0075054751,-0.59575557,-0.89241392,-0.55787153,-0.8979522,-0.47477683,-0.83286227,-0.99999654,-0.99995466,-0.99995661,-0.99993078,-0.99989261,-0.99980262,-0.99994972,-0.99999741,-0.99997078,-0.99994558,-0.9998604,-0.99995012,-0.99996465,-0.99986713,-0.99994692,-0.99990366,-0.99992525,-0.99992128,-0.99988418,-0.99996261,-0.99979889,-0.99999438,-0.99990697,-0.99991743,-0.99993713,-0.99982756,-0.99990147,-0.99994842,-0.99992226,-0.99974921,-0.99993472,-0.99992757,-0.99994691,-0.99986591,-0.9995865,-0.99993505,-0.99979114,-0.99996073,-0.99992687,-0.99960086,-0.99990392,-0.9999534,-0.99798139,-0.99965599,-0.99478538,-0.99840626,-0.99918239,-0.99767581,-0.99822379,-0.9994373,-0.99604092,-0.99818216,-0.99886588,-0.99868575,-0.99971178,-0.99923497,-0.99839956,-0.99893986,-0.99999539,-0.99999831,-0.99997844,-0.99774534,-0.9997028,-0.99130612,-0.95391262,-1.0,-1.0,-0.4,-0.93548387,-0.37931034,0.20243622,-0.0086184938,0.43689001,-0.44347241,-0.75275425,-0.38309058,-0.76195663,-0.82889744,-0.96323938,-0.99999727,-0.99998396,-0.99999481,-0.99999111,-0.99998916,-0.99998665,-0.9999889,-0.99999995,-0.99999536,-0.99999427,-0.99998845,-0.9999938,-0.99999545,-0.9999912,-0.99999517,-0.99999962,-0.99999956,-0.99999927,-0.99999905,-0.99999767,-0.99999388,-0.99999975,-0.99999731,-0.99999963,-0.99999917,-0.99999562,-0.99999794,-0.99999968,-0.99999342,-0.99996872,-0.99995903,-0.9999683,-0.99994489,-0.99993448,-0.999914,-0.99999652,-0.99998525,-0.99994825,-0.99994778,-0.99995009,-0.99998166,-0.99996384,-0.99745553,-0.99830719,-0.99680286,-0.99911329,-0.99764478,-0.99745553,-0.9999793,-0.99417217,-1.0,-0.37931034,0.55231446,-0.90422171,-0.97994611,-0.99704938,-0.9967729,-0.9948496,-0.99804691,-0.99177619,-0.99704938,-0.99996744,-0.99366955,-1.0,-0.84126984,0.36165384,-0.80095716,-0.97146079,-0.99875257,-0.99916324,-0.99943325,-0.99883119,-0.9977315,-0.99875257,-0.99999554,-0.99941011,-1.0,-0.8974359,0.56931749,-0.62994329,-0.85595195,-0.9987408,-0.99909046,-0.99906556,-0.99897018,-0.99721963,-0.9987408,-0.99999631,-0.99906359,-1.0,-0.77777778,0.59431926,-0.66059358,-0.85980486,0.51494881,-0.71968222,0.22859098,-0.49352941,0.46569641,-0.46860562,-0.52847847
0.27919971,-0.017029388,-0.11000373,-0.99485137,-0.99050789,-0.99356627,-0.99661775,-0.99209608,-0.99427139,-0.93701924,-0.55658283,-0.81423269,0.83966552,0.68975278,0.84313164,-0.99669034,-0.99996457,-0.99994642,-0.99989206,-0.99780004,-0.99314569,-0.99587857,-0.59801084,-0.70028085,-0.68269361,0.24916554,-0.17850881,0.051824561,0.40776335,0.17814788,0.046318547,-0.036834883,0.33740867,0.41198706,-0.21774944,0.28413621,-0.075079144,-0.56649444,0.044159241,0.15389241,-0.29740794,0.71224752,0.70619748,-0.99733133,-0.99914873,-0.99638724,-0.99740208,-0.99921099,-0.99627402,-0.36496467,0.66629598,0.69229684,-0.25040878,0.72837044,0.7075582,0.42875483,-0.97113234,0.028948115,-0.029331496,-0.99754617,-0.9993399,-0.99566971,-1.0,-1.0,-0.71435013,-0.33546195,0.36104408,-0.38709057,0.41369706,0.14314947,-0.20591151,0.19398015,-0.15019833,-0.22927766,0.25038284,-0.27099418,0.28883439,0.42827691,0.23163438,0.079273681,0.070957123,0.025959634,0.012961203,-0.99346203,-0.98833508,-0.99226013,-0.99458325,-0.98788927,-0.99304128,-0.9904863,-0.98907321,-0.98466281,0.98850626,0.98963326,0.99019527,-0.9942341,-0.99993405,-0.99981934,-0.99985576,-0.99391109,-0.98873825,-0.99342058,-0.86121022,-0.77817494,-0.7379719,0.12459706,0.065465283,0.038963099,0.19461395,-0.0012119673,0.17940595,0.086520066,0.17261804,0.1079081,0.067422663,0.00077914199,0.447573,-0.32220095,0.27761815,0.38162298,-0.028466398,-0.0727061,0.08574599,-0.99374002,-0.99468063,-0.99415478,-0.99650579,-0.99739095,-0.9949692,-0.88712666,-0.94765851,-0.75763452,0.8312402,0.91552351,0.82406597,-0.99704231,-0.99997135,-0.99997204,-0.9999601,-0.99831053,-0.99896426,-0.99694802,-0.68896716,-0.71181392,-0.60140524,-0.095475979,-0.020734114,0.41246762,-0.28467836,0.077234476,-0.19084265,0.18814347,0.2981531,0.18393333,-0.033865966,-0.082239385,0.50646447,-0.63156426,0.32108091,-0.57719287,-0.1076619,-0.038481641,-0.057073043,-0.99543269,-0.99793431,-0.99396272,-0.99628445,-0.99855215,-0.99417111,-0.9993199,-0.99847065,-0.99338263,0.98689427,0.99440419,0.99334621,-0.99776494,-0.99997093,-0.99999283,-0.99994728,-0.99637557,-0.9987633,-0.99444983,-0.84442011,-0.79148863,-0.64397268,0.039336231,-0.1147479,0.21282527,0.2011876,0.096679441,-0.057356721,0.09300973,0.29679221,0.13002299,0.1517648,-0.068251252,0.32852385,0.013735966,-0.19237993,-0.31760241,-0.99705488,-0.99222762,-0.99465355,-0.98568897,-0.99927144,-0.99705488,-0.99994618,-0.99482928,-0.79316584,0.19792156,-0.19101748,0.38074827,-0.38916063,-0.99705488,-0.99222762,-0.99465355,-0.98568897,-0.99927144,-0.99705488,-0.99994618,-0.99482928,-0.79316584,0.19792156,-0.19101748,0.38074827,-0.38916063,-0.9937775,-0.99111001,-0.99238308,-0.98699711,-0.99631626,-0.9937775,-0.99988164,-0.99389339,-0.80766012,0.12259727,-0.077171966,-0.23959649,0.14338024,-0.99719105,-0.98815204,-0.99281884,-0.9859888,-0.99768676,-0.99719105,-0.99995827,-0.99742775,-0.67208519,0.27081799,-0.37070136,0.023893581,0.41936093,-0.99779173,-0.99621856,-0.99758921,-0.99479203,-0.9948766,-0.99779173,-0.99998518,-0.99849594,-0.80098492,0.44586555,-0.28538118,0.11609307,-0.39117003,-0.99349187,-0.985471,-0.99327748,-0.99548287,-0.99347464,-0.99337724,-0.99460637,-0.99137818,-0.99173934,-0.99567945,-0.9953276,-0.99547593,-0.9872765,-0.98675665,-0.99024369,-0.99311715,-0.99996442,-0.99985993,-0.99987317,-0.9906679,-0.9888722,-0.98605436,-0.94635692,-1.0,-0.86879874,-0.41935484,-0.26666667,-0.76923077,0.2004564,0.64918882,0.30115538,-0.37995042,-0.74046746,-0.67464326,-0.9306088,-0.71644057,-0.90865392,-0.99998487,-0.99992645,-0.9999321,-0.99986331,-0.99995097,-0.99977281,-0.99996809,-0.9999466,-0.99996862,-0.99990696,-0.99989926,-0.9999609,-0.99996777,-0.99986273,-0.99991867,-0.99986085,-0.99990837,-0.99968987,-0.9994475,-0.99967116,-0.99943537,-0.99934171,-0.99988268,-0.99982938,-0.99950258,-0.99937784,-0.99987807,-0.99963722,-0.99987035,-0.99978439,-0.99992656,-0.99989771,-0.99985768,-0.99963293,-0.99971677,-0.99990632,-0.9998581,-0.99994948,-0.99983489,-0.99978035,-0.99986773,-0.99989656,-0.99318522,-0.98797195,-0.99024155,-0.99440286,-0.98966248,-0.99293873,-0.99289602,-0.99077814,-0.99248895,-0.99471857,-0.99094936,-0.99315047,-0.98932083,-0.97875304,-0.98478898,-0.99138921,-0.99993399,-0.99981993,-0.99985597,-0.99367029,-0.99471602,-0.98841278,-1.0,-1.0,-1.0,-0.64,0.12,-0.4,0.25104883,0.070436297,0.10947691,-0.45730705,-0.814016,-0.37082436,-0.85227501,-0.57361407,-0.88633281,-0.99998561,-0.99994243,-0.99995195,-0.999892,-0.99994495,-0.99978362,-0.99995588,-0.9999852,-0.99995806,-0.99992483,-0.99988774,-0.99995382,-0.99995269,-0.99985687,-0.9998777,-0.99988069,-0.9999297,-0.99967817,-0.99979374,-0.9997863,-0.99985604,-0.99971953,-0.99986984,-0.99980606,-0.99978826,-0.99984283,-0.99987642,-0.99973841,-0.9997684,-0.99966447,-0.9999128,-0.99988897,-0.99981034,-0.99959422,-0.99940951,-0.9995993,-0.999664,-0.99993065,-0.99974031,-0.99939447,-0.99983252,-0.99985667,-0.9890839,-0.99506449,-0.99344162,-0.99552462,-0.99437861,-0.99487711,-0.99315624,-0.99446116,-0.99376145,-0.99632619,-0.99673805,-0.99575827,-0.99129544,-0.99731988,-0.99786364,-0.9932462,-0.99996824,-0.99997195,-0.99995665,-0.98846342,-0.99496739,-0.99349955,-0.78425315,-0.80828724,-0.86270321,-1.0,-0.61290323,-0.37931034,0.42431774,-0.28714147,0.19530152,-0.63603013,-0.88411134,-0.49649273,-0.87053412,-0.44284445,-0.75693878,-0.99997832,-0.99996289,-0.99992775,-0.9999385,-0.99989738,-0.99992481,-0.99986446,-0.99987798,-0.99997445,-0.99991888,-0.99989963,-0.99987046,-0.99997123,-0.99992756,-0.99995888,-0.9999919,-0.99999727,-0.99999484,-0.9999971,-0.99998332,-0.99998977,-0.99999604,-0.99996785,-0.99999614,-0.99999466,-0.99999112,-0.99996948,-0.99999487,-0.99998284,-0.9999295,-0.99996626,-0.99996511,-0.99994878,-0.99996838,-0.99996148,-0.99999755,-0.99996206,-0.9999536,-0.99995977,-0.99997738,-0.99995954,-0.99996536,-0.98999128,-0.99439399,-0.99190936,-0.99718028,-0.98279102,-0.98999128,-0.99989062,-0.99222481,-1.0,0.31034483,0.52682129,-0.80308575,-0.95342534,-0.99021838,-0.99118555,-0.98998694,-0.99319393,-0.99348745,-0.99021838,-0.9998601,-0.99134119,-1.0,-0.93650794,0.19826747,-0.58024088,-0.86173715,-0.98835733,-0.98988504,-0.98840973,-0.99198408,-0.99611842,-0.98835733,-0.99988816,-0.98991373,-0.77827879,-0.94871795,0.050572483,-0.56372475,-0.85230418,-0.99593043,-0.996563,-0.99599523,-0.9970573,-0.98862409,-0.99593043,-0.9999814,-0.99559785,-1.0,-0.96825397,0.15653259,-0.54196855,-0.83957626,0.31026425,-0.69019106,-0.14414029,0.050787441,0.46616561,-0.46889986,-0.52825532
0.27396901,-0.016639915,-0.10559431,-0.99066492,-0.9777491,-0.98503422,-0.9927068,-0.97890598,-0.98588898,-0.93701924,-0.55658283,-0.81074691,0.83269738,0.6849673,0.84441082,-0.98885498,-0.99991423,-0.99982011,-0.99968179,-0.99483969,-0.98143165,-0.98736991,-0.61212139,-0.53958731,-0.48404832,-0.23605953,0.21395996,0.0030836061,-0.15580839,-0.060352296,0.098771997,0.05104093,0.039446492,0.32052942,-0.12466439,0.015322782,0.071713564,0.16689071,-0.33689348,-0.3214414,-0.29780963,0.71178293,0.70634783,-0.99592574,-0.99723044,-0.99305643,-0.9964116,-0.9973258,-0.99348735,-0.36545686,0.6659455,0.69412467,-0.25251147,0.72718123,0.7075582,0.4271225,-0.97126256,0.027639942,-0.028913141,-0.99734564,-0.99755874,-0.99484223,-0.92562664,-1.0,-0.69236188,-0.45881648,0.46229247,-0.46551126,0.46861109,-0.29471451,0.264252,-0.2794405,0.31315988,-0.28543866,0.29606822,-0.30636824,0.31404678,0.49365934,-0.75939207,-0.87712071,0.077336419,0.014609152,-0.0090603193,-0.99133172,-0.98220545,-0.98800498,-0.99247025,-0.98340746,-0.98755926,-0.98855253,-0.98907321,-0.98466281,0.98597557,0.97590373,0.98617898,-0.99004438,-0.9999035,-0.99967139,-0.99975165,-0.99419563,-0.98678145,-0.98779877,-0.74384037,-0.71703287,-0.72109451,-0.13490926,0.29279539,0.15710828,0.1504821,-0.086432813,0.07252619,0.29898961,-0.025811037,0.17932124,0.1487182,-0.05264275,0.4181711,-0.28229451,0.34389801,0.18389858,-0.025854013,-0.077125036,0.087028805,-0.98342224,-0.99196166,-0.99041727,-0.98737227,-0.99413763,-0.99160307,-0.86747168,-0.94765851,-0.75286393,0.83101653,0.91141786,0.8240254,-0.98959828,-0.9998445,-0.99994634,-0.99991812,-0.99118127,-0.9961739,-0.99607948,-0.31934184,-0.64004488,-0.4523018,-0.11964507,-0.13676868,0.41112048,0.034873126,0.15548777,-0.25471549,0.3069533,0.050535868,0.2991945,-0.23869163,0.13706306,0.38663919,-0.67764272,0.59480418,-0.54109393,-0.10087608,-0.040103372,-0.055534296,-0.99126267,-0.99655406,-0.99149417,-0.99257134,-0.9971449,-0.99252792,-0.98818933,-0.99740383,-0.98401364,0.98689427,0.99440419,0.99195074,-0.9956216,-0.99992712,-0.99998569,-0.99991531,-0.99484323,-0.99745178,-0.99295422,-0.6512261,-0.73064813,-0.57173772,-0.035847122,-0.34698244,0.033517738,0.41641418,0.20172104,-0.1066938,0.2168779,0.34343484,0.24497652,-0.13614535,0.044702148,0.31863751,-0.059907953,0.28826557,-0.39614888,-0.98984845,-0.98320118,-0.98478514,-0.98461477,-0.99675298,-0.98984845,-0.99978409,-0.98686793,-0.57927527,0.13893496,-0.19692649,0.36861239,-0.30848184,-0.98984845,-0.98320118,-0.98478514,-0.98461477,-0.99675298,-0.98984845,-0.99978409,-0.98686793,-0.57927527,0.13893496,-0.19692649,0.36861239,-0.30848184,-0.98951326,-0.98692937,-0.98757515,-0.98699711,-0.98658565,-0.98951326,-0.99978524,-0.98901268,-0.72835756,0.057248558,-0.1385751,-0.13126459,0.18686348,-0.9895276,-0.97879622,-0.97793403,-0.98570579,-0.9971485,-0.9895276,-0.99983959,-0.9826395,-0.24474924,-0.14757548,-0.054749851,0.021001546,0.31074487,-0.99576684,-0.99359673,-0.99485727,-0.99226634,-0.98839065,-0.99576684,-0.99996702,-0.99652278,-0.64992208,0.20483822,-0.37809111,0.51440009,-0.36393649,-0.99054027,-0.97700821,-0.98476168,-0.99057463,-0.97846394,-0.98550921,-0.98821879,-0.97642633,-0.98456718,-0.99125803,-0.98365841,-0.98541865,-0.99601838,-0.99470108,-0.99931743,-0.98613222,-0.99991605,-0.99953141,-0.99964221,-0.98424197,-0.97926134,-0.98233444,-0.90731609,-0.83986013,-0.80988792,-1.0,-0.93333333,-1.0,-0.37255601,-0.075670078,0.25450423,-0.2880565,-0.63747261,-0.50495427,-0.81624416,-0.59478423,-0.8172321,-0.99991724,-0.99994258,-0.99983123,-0.99993403,-0.99994257,-0.99993672,-0.99998046,-0.99999288,-0.99991937,-0.99984153,-0.99995545,-0.99998464,-0.99991485,-0.99994024,-0.99953599,-0.99974202,-0.99981241,-0.99954821,-0.99993393,-0.99976179,-0.99976109,-0.99998253,-0.99952832,-0.99969571,-0.99989293,-0.99984714,-0.99953731,-0.99965385,-0.99967036,-0.99964206,-0.99983084,-0.99981529,-0.9996983,-0.99945951,-0.99973911,-0.99992756,-0.99965234,-0.99985858,-0.99966055,-0.99980255,-0.99964942,-0.99978792,-0.99213237,-0.98277311,-0.98556638,-0.99113444,-0.98272598,-0.98908015,-0.9887695,-0.98110848,-0.98608532,-0.99147414,-0.98859375,-0.99050074,-0.99539435,-0.99645727,-0.99190085,-0.98737336,-0.99990332,-0.99967143,-0.99975172,-0.98817248,-0.98185476,-0.98193362,-1.0,-1.0,-1.0,-0.2,-0.52,-0.48,-0.14304044,-0.28285682,0.12628895,-0.29397835,-0.70892396,-0.60950161,-0.96513432,-0.74968277,-0.95574233,-0.99997166,-0.99993088,-0.99982899,-0.9999259,-0.99994473,-0.9999085,-0.99996802,-0.99999534,-0.99994442,-0.99984216,-0.99993899,-0.99996771,-0.99989446,-0.99991634,-0.99968471,-0.99979335,-0.99973853,-0.99953484,-0.9999395,-0.99969064,-0.99975938,-0.99999683,-0.99974519,-0.99959898,-0.99986598,-0.99979334,-0.99970157,-0.99967848,-0.99984868,-0.99955113,-0.99981539,-0.99978322,-0.9996854,-0.99945276,-0.99952783,-0.99998088,-0.99959553,-0.99982916,-0.999602,-0.99955044,-0.99973541,-0.99973813,-0.98428782,-0.99331925,-0.98833263,-0.98326157,-0.99111364,-0.99204911,-0.98066843,-0.99284227,-0.98924207,-0.98386588,-0.99183045,-0.99479815,-0.99684045,-0.99964923,-0.9982755,-0.98945498,-0.99983058,-0.99994672,-0.9999111,-0.99460233,-0.99443275,-0.98990133,-0.6897567,-0.78337591,-0.79727352,-0.93333333,-0.93548387,-0.5862069,-0.45231993,-0.32428969,0.069362567,-0.21556411,-0.60999487,-0.16065758,-0.56965375,-0.59262641,-0.87203802,-0.99982602,-0.9999408,-0.99998542,-0.99999177,-0.99996217,-0.99993081,-0.99995386,-0.99998635,-0.99982786,-0.99998699,-0.999947,-0.99996825,-0.99983031,-0.99997971,-0.99991675,-0.99999271,-0.99999454,-0.99999293,-0.99999352,-0.99994273,-0.99997899,-0.99999997,-0.99994001,-0.99999301,-0.99998344,-0.99998525,-0.99994233,-0.9999899,-0.99993744,-0.99993057,-0.99995559,-0.99996665,-0.99991437,-0.99987734,-0.99992502,-0.99999911,-0.99991922,-0.99994417,-0.99990998,-0.99995745,-0.99991547,-0.99995097,-0.9860041,-0.98297592,-0.98313959,-0.98494451,-0.98718793,-0.9860041,-0.99968885,-0.99141958,-0.8734817,-1.0,0.030795776,-0.21272932,-0.5550909,-0.98747202,-0.98458793,-0.98468587,-0.98365601,-0.98884821,-0.98747202,-0.99976694,-0.99125506,-0.940965,-1.0,-0.073776608,-0.13519786,-0.47136093,-0.98780808,-0.97688615,-0.98004738,-0.97712057,-0.99840717,-0.98780808,-0.99970117,-0.99474049,-0.75445221,-1.0,-0.43284756,-0.013725429,-0.42007716,-0.99396146,-0.99309341,-0.99293105,-0.99266425,-0.99373266,-0.99396146,-0.99996013,-0.99241613,-0.95569589,-1.0,0.064514853,-0.13926265,-0.46969862,-0.40066565,0.15624894,0.13149174,0.11014715,0.46641951,-0.46862966,-0.5285816
0.27502255,-0.014421937,-0.10976895,-0.99190613,-0.98048059,-0.98035187,-0.99349049,-0.98303416,-0.98123682,-0.9412035,-0.55793639,-0.81074691,0.83269738,0.6849673,0.83372527,-0.98781769,-0.99993165,-0.99983941,-0.99955091,-0.99562131,-0.98964209,-0.98159247,-0.61802234,-0.51595667,-0.52475716,-0.02420136,0.015881688,0.23910843,-0.46098288,-0.094668264,0.04055215,0.24563843,-0.16692104,0.29239149,-0.085203818,-0.10227465,0.093213695,0.5092749,-0.45487512,-0.40508991,-0.29897532,0.71213108,0.70713018,-0.99320658,-0.99393548,-0.99279381,-0.99319377,-0.99428134,-0.99267308,-0.36545686,0.66827904,0.69413354,-0.25302722,0.72718123,0.70769417,0.42791688,-0.97163869,0.028622629,-0.026743345,-0.99236341,-0.9949008,-0.99218808,-0.70555223,-0.87921076,-0.76247056,-0.32518578,0.32290174,-0.32018323,0.31716246,-0.58901165,0.56987949,-0.57808229,0.59794487,-0.33251245,0.34136418,-0.34992057,0.35582287,-0.15478199,-0.69830798,-0.58283717,0.080351857,-0.0061332696,-0.021381051,-0.99247232,-0.98631824,-0.98613668,-0.99318597,-0.98843883,-0.98318496,-0.98855253,-0.99260854,-0.9922059,0.98597557,0.97590373,0.98617898,-0.99017517,-0.99992039,-0.99977435,-0.99969973,-0.99355247,-0.99145621,-0.97886201,-0.73942203,-0.80343976,-0.67819747,0.13408488,0.26532166,0.37293337,0.29420953,-0.14890754,-0.11515321,0.36579917,-0.030144988,0.1990303,0.19713019,-0.063729331,0.25649012,-0.29122631,0.37147474,-0.017393959,-0.024997168,-0.080112636,0.089268537,-0.9850139,-0.99555433,-0.99212126,-0.98809755,-0.99603696,-0.99301624,-0.86747168,-0.95514667,-0.75286393,0.83101653,0.91141786,0.8240254,-0.99145714,-0.99986763,-0.9999732,-0.99993569,-0.99084594,-0.99716562,-0.99484954,-0.33373197,-0.77598697,-0.43246652,-0.095901129,-0.19887031,0.52583807,-0.041408709,0.30004964,-0.30701963,0.33828249,-0.14719183,0.38271711,-0.27379232,0.16870631,0.42319052,-0.71701385,0.5569051,-0.25269208,-0.089461177,-0.042896282,-0.049099061,-0.99267412,-0.9977228,-0.99169525,-0.99317824,-0.99819917,-0.9924897,-0.98818933,-0.99740383,-0.98401364,0.99577685,0.99607555,0.99195074,-0.99635943,-0.99994365,-0.99999186,-0.99991806,-0.99502845,-0.99852795,-0.9928922,-0.59507026,-0.85192691,-0.56687365,-0.012127664,-0.41746611,0.096191704,0.40244375,0.39282389,-0.017556699,0.41885143,0.38124165,0.31908415,-0.17367561,0.14698972,0.26979358,-0.074799507,0.38181638,-0.20609154,-0.9885566,-0.98543647,-0.98733118,-0.98461477,-0.9992034,-0.9885566,-0.99977317,-0.98827059,-0.6070351,0.14494529,-0.10416355,0.16149666,-0.27123489,-0.9885566,-0.98543647,-0.98733118,-0.98461477,-0.9992034,-0.9885566,-0.99977317,-0.98827059,-0.6070351,0.14494529,-0.10416355,0.16149666,-0.27123489,-0.98940206,-0.98910911,-0.98944377,-0.98777538,-0.98793458,-0.98940206,-0.99979785,-0.98922353,-0.75844624,0.3112809,-0.37643889,-0.020878137,0.06289704,-0.99114984,-0.98159571,-0.9817956,-0.98570579,-0.99884016,-0.99114984,-0.9998754,-0.98731076,-0.29720065,-0.1007431,-0.20149948,0.40714837,-0.086004671,-0.99644003,-0.99492032,-0.99616602,-0.99226634,-0.99164718,-0.99644003,-0.9999749,-0.9977406,-0.73518272,0.24675848,-0.42971418,0.23770323,-0.0143223,-0.99231957,-0.9787864,-0.98014821,-0.99157162,-0.98157816,-0.98115449,-0.99206747,-0.98347277,-0.98073519,-0.99017401,-0.98556612,-0.97859891,-0.99306091,-0.97406017,-0.99003748,-0.98602491,-0.99993221,-0.99961522,-0.99948499,-0.99091398,-0.99104296,-0.98070093,-0.94635692,-0.87039785,-0.78425687,-1.0,-1.0,-1.0,-0.12570265,0.28630227,0.33254628,0.11659741,-0.17140937,-0.28959859,-0.67646731,-0.45871206,-0.70414938,-0.99993023,-0.99997034,-0.99983996,-0.99988899,-0.99996121,-0.99994105,-0.99995088,-0.99994938,-0.99993792,-0.99983557,-0.99996872,-0.99995039,-0.9999327,-0.99991448,-0.99956405,-0.99987596,-0.99983037,-0.99974301,-0.99954149,-0.99974786,-0.99927617,-0.99941117,-0.99961873,-0.99976937,-0.99960072,-0.99930997,-0.9996231,-0.99970707,-0.99950355,-0.99963568,-0.99978441,-0.99973879,-0.99949337,-0.99938599,-0.99935364,-0.99953571,-0.99951693,-0.99980125,-0.99947526,-0.99941189,-0.9995092,-0.99968041,-0.99330334,-0.98615808,-0.98398692,-0.99213535,-0.98751026,-0.98681094,-0.99095943,-0.98836347,-0.98473115,-0.99178141,-0.99004949,-0.99011697,-0.9963564,-0.98492104,-0.99235409,-0.98843366,-0.99992029,-0.99977522,-0.99970028,-0.99090669,-0.99287846,-0.98107388,-1.0,-1.0,-1.0,-0.16,-0.16,0.16,0.10472363,-0.3583481,0.20181844,-0.17916144,-0.61295266,-0.47624916,-0.89515802,-0.64517618,-0.92167069,-0.99999363,-0.99996381,-0.99982863,-0.9999081,-0.99995602,-0.99992909,-0.99994136,-0.99998088,-0.99997534,-0.99983405,-0.99995505,-0.99993871,-0.99991903,-0.99991398,-0.99943664,-0.99989877,-0.99976258,-0.99987856,-0.99987961,-0.99985957,-0.99984138,-0.99995491,-0.99978237,-0.99977859,-0.9998894,-0.99985971,-0.9997392,-0.99990319,-0.9997791,-0.99961998,-0.99979692,-0.99973604,-0.9994592,-0.9993314,-0.9997845,-0.99988867,-0.99962973,-0.99979665,-0.99939234,-0.99978343,-0.99973792,-0.99962711,-0.98304456,-0.99646183,-0.98984137,-0.985583,-0.99493604,-0.99373932,-0.98288583,-0.99683622,-0.99149782,-0.98606212,-0.99506216,-0.99561192,-0.99114712,-0.99585492,-0.99742637,-0.99080441,-0.99985873,-0.99997849,-0.99993358,-0.99277256,-0.99932348,-0.9900866,-0.67148516,-0.89492156,-0.83899298,-0.93333333,-0.93548387,-0.51724138,-0.17250264,0.097482154,0.34903729,-0.24386515,-0.63046738,-0.0066633774,-0.45758641,-0.54732789,-0.83300172,-0.99986484,-0.99990349,-0.99996338,-0.99997696,-0.9999364,-0.99990325,-0.99991432,-0.99990131,-0.99985895,-0.99996323,-0.99991791,-0.99990858,-0.99985966,-0.99996062,-0.99996791,-0.99999587,-0.99999714,-0.99999489,-0.99999077,-0.9999689,-0.99995448,-0.99999537,-0.99997651,-0.99999604,-0.9999866,-0.99996603,-0.99997747,-0.99999239,-0.99996148,-0.9999342,-0.99995293,-0.99995699,-0.99993368,-0.9998062,-0.99985664,-0.99996055,-0.99994331,-0.99993696,-0.99990498,-0.99990203,-0.99993909,-0.99994275,-0.98413986,-0.98754175,-0.98356059,-0.99237272,-0.99136193,-0.98413986,-0.99974558,-0.98715913,-0.8734817,-0.86206897,0.2470511,-0.6398876,-0.88116389,-0.98750598,-0.98994313,-0.98627256,-0.99375605,-0.98811925,-0.98750598,-0.99981401,-0.98580466,-1.0,-1.0,0.35930338,-0.72109714,-0.94575251,-0.98681703,-0.98112099,-0.98143747,-0.98053997,-0.99083509,-0.98681703,-0.99976633,-0.98728103,-0.6785704,-1.0,-0.26500476,-0.11590506,-0.46533206,-0.99522046,-0.99443596,-0.99397906,-0.99542108,-0.99907101,-0.99522046,-0.9999718,-0.99436125,-0.95569589,-1.0,-0.090116494,-0.44348949,-0.79160263,-0.25606802,0.76509883,0.10508562,-0.11101394,0.46733825,-0.46849167,-0.52888707
0.28149645,-0.015050318,-0.11391549,-0.99596426,-0.99517082,-0.99237478,-0.99664847,-0.99487851,-0.99369698,-0.9412035,-0.57324542,-0.82251041,0.84797216,0.69323194,0.83372527,-0.99584115,-0.99997191,-0.99996919,-0.99982528,-0.99761239,-0.99485532,-0.99449384,-0.55154787,-0.64102224,-0.73350726,0.32903752,-0.1377552,0.11912258,0.05174849,0.20189454,-0.10145035,0.21661662,-0.062985084,0.35720697,-0.10811738,-0.059415826,0.1577038,0.025017021,0.014063949,-0.1072531,-0.29889334,0.71427425,0.70563433,-0.994015,-0.99165526,-0.98798331,-0.99373964,-0.99169108,-0.98787842,-0.36613302,0.66946011,0.69413354,-0.25302722,0.72742845,0.70544764,0.42989755,-0.9716127,0.034671831,-0.030885242,-0.99272798,-0.99204773,-0.98771224,-0.71725378,-0.72040443,-0.69774874,-0.29347254,0.29513406,-0.29645547,0.29755943,-0.31616948,0.27360482,-0.27605834,0.29832029,-0.35807013,0.37570526,-0.39333462,0.40849368,0.96314135,-0.98673696,-0.98953915,0.074431187,0.0058212356,0.012866444,-0.99211558,-0.99368445,-0.9914943,-0.99194972,-0.99329414,-0.99049522,-0.99224801,-0.99424276,-0.9922059,0.9911635,0.99674689,0.98962031,-0.99370307,-0.99991529,-0.99991922,-0.99983831,-0.99007112,-0.99394405,-0.9863302,-0.75395906,-0.89525258,-0.73376582,0.30277812,0.2655313,0.24691971,0.43451449,0.19160581,0.083125322,0.27232351,0.51216621,0.23525439,0.090256549,0.013435371,0.040888074,-0.10498051,0.50021934,-0.059033661,-0.028453297,-0.073103978,0.087046807,-0.99799289,-0.99903524,-0.9971304,-0.99816303,-0.99916225,-0.9972104,-0.88658417,-0.95686416,-0.7568634,0.84502262,0.91551739,0.82903886,-0.99894058,-0.99999484,-0.99999687,-0.99998426,-0.99857438,-0.99888874,-0.99721873,-0.75571114,-0.67006662,-0.61272839,0.16631586,-0.092871548,0.23262819,0.1176332,0.35492365,-0.30154162,0.43575729,-0.14716938,0.60119639,-0.33748705,0.32585107,0.18742685,-0.089529632,-0.049216376,-0.17903456,-0.097610157,-0.041012606,-0.054652286,-0.99770779,-0.9991808,-0.9951546,-0.99727827,-0.99933731,-0.99517995,-0.99840457,-0.99888199,-0.99455168,0.99750109,0.999277,0.99574384,-0.99862433,-0.99998824,-0.99999767,-0.99996058,-0.99653989,-0.99957869,-0.99499172,-0.81822431,-0.90949009,-0.68485985,0.13859116,-0.059029985,0.21274299,0.14582133,0.41601985,-0.060524719,0.53157389,0.12381931,0.56571467,-0.093574022,0.40302174,0.38074805,0.22175692,0.007873189,-0.030926148,-0.99624424,-0.9949443,-0.99563023,-0.98817873,-0.9992034,-0.99624424,-0.99994648,-0.99423734,-0.79825,0.35786654,-0.26962072,0.40809121,-0.55785313,-0.99624424,-0.9949443,-0.99563023,-0.98817873,-0.9992034,-0.99624424,-0.99994648,-0.99423734,-0.79825,0.35786654,-0.26962072,0.40809121,-0.55785313,-0.99321686,-0.99417534,-0.99405408,-0.99357289,-0.98793458,-0.99321686,-0.99988974,-0.99342853,-0.82449353,0.35469239,-0.43469956,0.1552793,-0.10637685,-0.99881595,-0.99921826,-0.99888795,-0.99984346,-0.99884016,-0.99881595,-0.99999478,-0.99807908,-0.88768213,0.4941734,-0.52250998,0.44017293,-0.36439369,-0.99858598,-0.99898991,-0.99884851,-0.99920538,-0.99646443,-0.99858598,-0.99999378,-0.99815934,-0.89421462,0.64029282,-0.42646963,-0.02244905,-0.30013985,-0.99404303,-0.99367716,-0.99132746,-0.99703373,-0.99526042,-0.99283957,-0.99553061,-0.99454316,-0.99083503,-0.99868057,-0.99613157,-0.99423159,-0.99554789,-0.99408845,-0.99829033,-0.99525388,-0.99997435,-0.99993995,-0.9998452,-0.98937934,-0.99426378,-0.98628303,-1.0,-1.0,-0.90357248,0.35483871,-1.0,-0.69230769,0.15126422,0.21224265,0.51617798,-0.74965384,-0.97094855,-0.61496587,-0.89572482,-0.73401619,-0.91235493,-0.99998733,-0.99996885,-0.99988574,-0.99987835,-0.99986351,-0.9998821,-0.99994691,-0.99999298,-0.99998307,-0.99987168,-0.99988555,-0.99996236,-0.99997789,-0.99986687,-0.99993897,-0.99994459,-0.99991998,-0.99994006,-0.99985458,-0.99994782,-0.99993499,-0.99999086,-0.99994132,-0.99991292,-0.9999063,-0.99995681,-0.99993371,-0.99994792,-0.99986901,-0.99982139,-0.99982665,-0.99983197,-0.99963128,-0.9996312,-0.99941131,-0.99973146,-0.99986896,-0.99986194,-0.99965087,-0.99951146,-0.99985744,-0.99979709,-0.9922001,-0.99324429,-0.99151202,-0.99270332,-0.99476264,-0.98981236,-0.98975262,-0.99512642,-0.98845845,-0.99337543,-0.99535925,-0.9912118,-0.99404374,-0.99478899,-0.99462146,-0.99316603,-0.99991513,-0.99991926,-0.99983857,-0.98614862,-0.99596487,-0.98593819,-1.0,-1.0,-1.0,-0.16,-0.16,0.28,0.34885981,0.15989047,0.17249042,-0.55471804,-0.83426689,-0.51219361,-0.90962143,-0.49679628,-0.86597758,-0.99999321,-0.99996614,-0.9998896,-0.99986605,-0.99985674,-0.99982774,-0.99991479,-0.99999471,-0.99997666,-0.99986394,-0.99984665,-0.99991527,-0.99994355,-0.9998101,-0.99995435,-0.99994197,-0.99989758,-0.99994617,-0.99985323,-0.99992515,-0.99987897,-0.99991576,-0.99994346,-0.99990898,-0.99989595,-0.99988762,-0.99991583,-0.99994814,-0.9998171,-0.99985777,-0.99985323,-0.99982841,-0.99967596,-0.99963625,-0.99939575,-0.99997548,-0.99984669,-0.9998706,-0.99965024,-0.9994245,-0.9998727,-0.99978452,-0.99754188,-0.99904189,-0.99615114,-0.99808814,-0.99896515,-0.99779703,-0.99773725,-0.99899769,-0.99665587,-0.99769776,-0.99881411,-0.99893412,-0.99880386,-0.99943646,-0.99938698,-0.99882614,-0.99999408,-0.99999701,-0.99998297,-0.99731962,-0.99905395,-0.99627259,-0.95391262,-1.0,-1.0,-0.53333333,-1.0,-1.0,0.19688649,0.15037927,0.46830448,-0.40127319,-0.70504946,-0.51670742,-0.84198404,-0.7220142,-0.93834564,-0.99999523,-0.99999281,-0.99998194,-0.99999392,-0.99998032,-0.99998292,-0.999996,-0.99999893,-0.99999473,-0.99998507,-0.99998081,-0.99999731,-0.99999412,-0.99999102,-0.99999579,-0.99999784,-0.99999941,-0.99999595,-0.99999846,-0.9999921,-0.99997846,-0.99999972,-0.99999656,-0.99999849,-0.99999755,-0.99998477,-0.99999717,-0.99999663,-0.99999439,-0.99997429,-0.99997021,-0.99996941,-0.99995569,-0.99994203,-0.99986846,-0.9999999,-0.99998804,-0.99995945,-0.99995774,-0.99992582,-0.99998593,-0.99996769,-0.99371983,-0.99590967,-0.99453331,-0.99680825,-0.99290777,-0.99371983,-0.99993579,-0.99438768,-1.0,-1.0,0.55651316,-0.71782899,-0.89273402,-0.99344231,-0.99378381,-0.99299956,-0.99370755,-0.98000746,-0.99344231,-0.99991548,-0.99529947,-1.0,-0.93650794,0.62537633,-0.44912568,-0.78926369,-0.99922482,-0.99925082,-0.99939749,-0.99911953,-0.99633842,-0.99922482,-0.99999694,-0.99913359,-1.0,-0.43589744,0.53673477,-0.65449677,-0.87558808,-0.99899912,-0.99868663,-0.99882304,-0.99865253,-0.99552596,-0.99899912,-0.99999646,-0.99908171,-1.0,-0.96825397,0.4890049,-0.4809121,-0.78090054,0.10960028,-0.20183129,-0.33782431,0.27505502,0.4673482,-0.47023702,-0.52707136
0.27805474,-0.017222525,-0.10918197,-0.99345108,-0.99059656,-0.9943947,-0.99484152,-0.99116015,-0.99404813,-0.93399605,-0.57293177,-0.82478664,0.84797216,0.68935468,0.845931,-0.99533042,-0.99995085,-0.99994709,-0.99991158,-0.99643034,-0.99359253,-0.99429234,-0.55477108,-0.69022626,-0.65073406,0.22864466,-0.07780111,-0.12453572,0.29117273,0.35304378,-0.13066252,0.182438,0.26554745,0.169968,0.19906304,-0.42504227,0.67230598,-0.16929108,-0.0032428214,0.072942824,-0.29776161,0.71575189,0.70347574,-0.99791458,-0.99871142,-0.99580902,-0.99791791,-0.9989358,-0.99605574,-0.36613302,0.66946011,0.69071682,-0.25104916,0.73119326,0.70517563,0.43031856,-0.97124754,0.038846421,-0.036858739,-0.99790692,-0.99968603,-0.9969726,-1.0,-1.0,-1.0,-0.38652838,0.42149081,-0.45702301,0.49320782,-0.12272313,0.10858298,-0.15454268,0.22498904,-0.074739972,0.14022557,-0.20666741,0.27174053,0.47315904,-0.21706262,-0.898463,0.081069928,0.01732171,-0.0007968601,-0.99108046,-0.9868159,-0.99224452,-0.99084469,-0.98603885,-0.99137045,-0.99224801,-0.9922421,-0.98952199,0.9911635,0.99255643,0.99316913,-0.99152901,-0.99989951,-0.99978655,-0.99985568,-0.98970202,-0.98840422,-0.99165256,-0.73547027,-0.73595338,-0.78599311,0.20384752,0.2751496,0.027656632,0.31510192,0.16785002,0.043834357,0.20088181,0.40990917,-0.22172322,0.50888541,-0.58889968,0.62943787,-0.055163654,0.36378169,0.41035095,-0.026924558,-0.076497477,0.086059423,-0.99156862,-0.9942291,-0.99743051,-0.99384118,-0.99550449,-0.99788273,-0.87142556,-0.95551795,-0.75637529,0.84171014,0.90904673,0.82903886,-0.99569218,-0.99995308,-0.99996807,-0.99998643,-0.99689275,-0.9973102,-0.99816828,-0.56870392,-0.61426149,-0.6728055,0.0058920342,-0.14317433,0.27188865,0.2151599,-0.06966929,-0.0010012375,0.049274531,0.2135244,0.49570396,-0.29228324,0.27958519,0.21319529,-0.16517794,0.18731755,-0.34419108,-0.095340035,-0.03762661,-0.05896424,-0.99428952,-0.99756362,-0.99635063,-0.99457438,-0.99789367,-0.99645567,-0.9911904,-0.99744784,-0.99681336,0.99434096,0.99806939,0.99595638,-0.99744356,-0.99996095,-0.99999109,-0.99997241,-0.99592517,-0.99823772,-0.9965275,-0.68373661,-0.80680232,-0.77167488,0.038948019,-0.25189221,0.11590115,0.26348697,-0.017914595,0.028110101,0.11922964,0.053096098,0.43616259,-0.14698215,0.3033125,0.14531396,0.11133225,0.11648976,-0.17716802,-0.99564737,-0.99579509,-0.99573834,-0.99450854,-0.99346536,-0.99564737,-0.99994138,-0.99400216,-0.77945736,0.50625021,-0.43463383,0.57649769,-0.64879237,-0.99564737,-0.99579509,-0.99573834,-0.99450854,-0.99346536,-0.99564737,-0.99994138,-0.99400216,-0.77945736,0.50625021,-0.43463383,0.57649769,-0.64879237,-0.99134521,-0.9933233,-0.99332046,-0.99089447,-0.98436534,-0.99134521,-0.99985574,-0.99294888,-0.82357103,0.34930817,-0.29396788,0.12756866,-0.30050059,-0.99529651,-0.98894797,-0.990121,-0.98963896,-0.99755031,-0.99529651,-0.99994848,-0.99666162,-0.55495606,0.052328934,-0.20372959,0.25652339,-0.08178352,-0.99740051,-0.99720509,-0.99717831,-0.9968941,-0.99646443,-0.99740051,-0.99998538,-0.99674111,-0.75794851,0.68476602,-0.52071269,0.075194858,-0.32440562,-0.99141777,-0.98818333,-0.99343586,-0.99444589,-0.99155754,-0.99464522,-0.99272397,-0.99127331,-0.99443709,-0.99616884,-0.99378465,-0.99404937,-0.98980465,-0.9899791,-0.99277339,-0.99294204,-0.99995018,-0.99986176,-0.99989179,-0.98820417,-0.99026895,-0.98665124,-0.94635692,-1.0,-0.90357248,-1.0,-0.6,-0.15384615,0.11663209,0.42828181,0.41644576,-0.52080396,-0.86502764,-0.52888861,-0.83997307,-0.66639678,-0.83967862,-0.99995566,-0.99997092,-0.9998976,-0.99981416,-0.99979243,-0.9998047,-0.99994326,-0.99994257,-0.99995839,-0.99986269,-0.9998121,-0.99994304,-0.99995581,-0.99978572,-0.99989566,-0.99988138,-0.99989317,-0.99977349,-0.99963914,-0.99971646,-0.99971911,-0.99997307,-0.99987561,-0.99983886,-0.99966005,-0.99981752,-0.99986893,-0.99974808,-0.99995966,-0.99970442,-0.9998489,-0.99985044,-0.99965395,-0.99989191,-0.99996453,-0.99997156,-0.99990372,-0.99988283,-0.99973706,-0.9999755,-0.99989558,-0.99983487,-0.99032053,-0.98656085,-0.99104095,-0.99290075,-0.98810463,-0.99192435,-0.98985222,-0.98762155,-0.98974035,-0.99626856,-0.98878129,-0.9928124,-0.99006562,-0.98699996,-0.98129574,-0.98989163,-0.9998994,-0.99978664,-0.99985565,-0.98810181,-0.98984068,-0.98549468,-1.0,-1.0,-1.0,-0.36,-0.4,-0.56,0.32987115,0.11374603,0.085676141,-0.71130636,-0.94671049,-0.53201178,-0.90186145,-0.61846609,-0.91904518,-0.9999751,-0.99996787,-0.99991397,-0.99980357,-0.99978272,-0.99978857,-0.99994712,-0.99998655,-0.99996967,-0.9998558,-0.99978081,-0.99994547,-0.99994735,-0.99971973,-0.99979328,-0.99987321,-0.99986036,-0.99979345,-0.99970826,-0.99961651,-0.99973833,-0.99994838,-0.99984318,-0.99980981,-0.9996462,-0.99976883,-0.99982649,-0.99975591,-0.99992359,-0.99973649,-0.99986805,-0.99984238,-0.99965241,-0.99989674,-0.99993841,-0.99983062,-0.99978073,-0.999885,-0.99971097,-0.99992282,-0.99985361,-0.99981686,-0.98965642,-0.99451096,-0.99597943,-0.99210609,-0.99399434,-0.99836375,-0.98910589,-0.99457187,-0.99749593,-0.99409271,-0.9943511,-0.9988846,-0.99617281,-0.9960626,-0.99155075,-0.99381396,-0.99994811,-0.99996827,-0.99998513,-0.9938922,-0.99548512,-0.99613492,-0.75182631,-0.84774017,-1.0,-1.0,-1.0,-0.17241379,-0.1887506,-0.13200811,0.50508579,-0.51211839,-0.84497627,-0.30794857,-0.68735829,-0.68464023,-0.91462363,-0.99995606,-0.99992475,-0.99998754,-0.99998733,-0.99996427,-0.99996415,-0.9999608,-0.99998304,-0.99994792,-0.99998689,-0.99996203,-0.99997065,-0.99994842,-0.99998084,-0.99995549,-0.99999221,-0.99999402,-0.99999245,-0.99999497,-0.99998396,-0.99996715,-0.99997837,-0.99996577,-0.99999238,-0.99999308,-0.99996757,-0.99996599,-0.99999255,-0.99999263,-0.99998138,-0.99997618,-0.99997124,-0.99996666,-0.99996771,-0.99991859,-0.99996903,-0.99998874,-0.99996603,-0.99997272,-0.99994073,-0.99998743,-0.9999736,-0.9951791,-0.99606502,-0.99505932,-0.99671922,-0.99691576,-0.9951791,-0.99994804,-0.99595475,-1.0,-1.0,0.64889545,-0.68362946,-0.88557014,-0.99277579,-0.99284184,-0.99061648,-0.99392091,-0.99956489,-0.99277579,-0.99990226,-0.98951686,-1.0,-0.80952381,0.43304317,-0.64666578,-0.8742909,-0.99202764,-0.98853111,-0.98818193,-0.98890407,-0.99598928,-0.99202764,-0.99990015,-0.99227234,-0.78703269,-1.0,-0.27284912,-0.26185244,-0.61162873,-0.99783526,-0.99611542,-0.99661028,-0.99570478,-0.99779756,-0.99783526,-0.99998768,-0.99658901,-1.0,-1.0,0.17823747,-0.013934368,-0.37886431,0.50308853,-0.38133794,0.37510594,-0.0738082,0.46650434,-0.47191803,-0.52517198
0.28674977,-0.017544725,-0.10884687,-0.99188413,-0.97952164,-0.99184429,-0.99255754,-0.97941873,-0.99093898,-0.93222948,-0.56353016,-0.82453758,0.85025162,0.6886351,0.84245004,-0.9896447,-0.99991575,-0.99984144,-0.99985985,-0.99387036,-0.98322776,-0.98938947,-0.35827092,-0.57028342,-0.60937379,0.13192216,-0.099569455,-0.13718181,0.35012534,0.047376667,0.048470072,-0.01720606,0.43669175,0.066538515,0.2790598,-0.35263751,0.41813389,-0.041066992,-0.05140772,-0.15982525,-0.29738131,0.71602842,0.70285336,-0.9942902,-0.99898671,-0.99872266,-0.99506786,-0.99896318,-0.99889595,-0.36277541,0.66991642,0.68855998,-0.25107235,0.73220588,0.70456527,0.43013781,-0.97112247,0.039629483,-0.038576722,-0.99702053,-0.99897987,-0.99947715,-0.90437265,-1.0,-1.0,-0.53967323,0.54599735,-0.55226979,0.5586366,-0.19513218,0.22431005,-0.31002898,0.4161847,0.047433752,0.0019617684,-0.05081801,0.097118028,0.77587747,-0.9023574,-0.81771838,0.08075753,0.01666748,-0.0048700304,-0.99132227,-0.98119588,-0.98931328,-0.99130916,-0.97825665,-0.98654697,-0.99101241,-0.98822279,-0.98952199,0.99178697,0.98924788,0.99316913,-0.98775298,-0.99990328,-0.99964329,-0.99978568,-0.98948052,-0.97634737,-0.98202383,-0.73336629,-0.60542594,-0.71796645,0.10646436,0.13328961,-0.087503321,0.18813037,-0.18288895,0.12858372,-0.11447972,0.40978043,-0.2263789,0.55758435,-0.40007243,0.45347028,-0.11000564,0.40625129,0.18215123,-0.028764203,-0.078079062,0.086021167,-0.98716479,-0.9917939,-0.99480734,-0.98880617,-0.99231735,-0.99569474,-0.87142556,-0.95507404,-0.75331945,0.83468671,0.90904673,0.82497856,-0.99081146,-0.99990241,-0.9999435,-0.9999662,-0.99231803,-0.99349867,-0.99736437,-0.43824436,-0.53665103,-0.58246644,0.031097935,-0.1997285,0.37872092,0.20711751,-0.08721497,-0.031200752,0.066462134,0.28891305,0.22543204,-0.030216517,-0.052782516,0.44637846,0.14338146,0.27811971,-0.06347825,-0.099315339,-0.039941844,-0.057495689,-0.98957078,-0.9968062,-0.99371091,-0.98897578,-0.99693201,-0.99449836,-0.9911904,-0.99744784,-0.9914521,0.99178735,0.99776184,0.98858578,-0.99498594,-0.99990426,-0.99998714,-0.99994429,-0.98834176,-0.99734585,-0.99480837,-0.55875476,-0.75591158,-0.69543836,-0.0027460936,-0.35081887,0.08258519,0.38527284,-0.072899009,-0.021738458,-0.014383822,0.23510467,0.12463195,0.15149727,-0.03074889,0.32087254,0.15478911,0.30432512,-0.091292784,-0.99031043,-0.99276939,-0.99301197,-0.99033585,-0.99076901,-0.99031043,-0.99984382,-0.99100336,-0.72018102,0.36707174,-0.31190321,0.4336597,-0.52780478,-0.99031043,-0.99276939,-0.99301197,-0.99033585,-0.99076901,-0.99031043,-0.99984382,-0.99100336,-0.72018102,0.36707174,-0.31190321,0.4336597,-0.52780478,-0.98815944,-0.99202091,-0.99179251,-0.99089447,-0.98914314,-0.98815944,-0.99979239,-0.99156257,-0.83654723,0.2904829,-0.24508081,0.15876879,-0.3237364,-0.99067492,-0.9860674,-0.98488624,-0.98963896,-0.99755031,-0.99067492,-0.9998926,-0.98790709,-0.2815031,-0.078664506,-0.12509551,0.29536828,-0.11560916,-0.99487959,-0.99567399,-0.99549187,-0.9956742,-0.99232809,-0.99487959,-0.99996717,-0.99489646,-0.66899865,0.52767265,-0.46967429,-0.0751955,-0.021186629,-0.99059562,-0.97930384,-0.99059474,-0.9923953,-0.97982692,-0.99250505,-0.99145016,-0.97831399,-0.98968292,-0.9926086,-0.98338582,-0.99431281,-0.99424987,-0.98857651,-0.99236301,-0.98883862,-0.99993193,-0.9995867,-0.99983233,-0.99070141,-0.98068534,-0.97990521,-0.94635692,-0.90474776,-0.90357248,-1.0,-0.53333333,-0.30769231,-0.025049823,0.077820736,0.39358776,-0.25660327,-0.63006187,-0.40266954,-0.73634953,-0.80797369,-0.93471145,-0.99994401,-0.99991118,-0.99996429,-0.99985633,-0.99978893,-0.99987908,-0.99992067,-0.9999316,-0.9999315,-0.9999325,-0.99983779,-0.99992435,-0.99993558,-0.99982818,-0.99961567,-0.99970936,-0.99987887,-0.99972859,-0.9996545,-0.99973669,-0.99969449,-0.99996528,-0.99957257,-0.99981207,-0.99967904,-0.9997992,-0.99958947,-0.99972077,-0.99994492,-0.99961969,-0.99978778,-0.99975392,-0.99970144,-0.99981898,-0.99999005,-0.99996021,-0.99986461,-0.99980888,-0.9997566,-0.99999018,-0.99984517,-0.99977144,-0.99022587,-0.98257159,-0.98913657,-0.99362427,-0.98078268,-0.98782263,-0.99112012,-0.98143084,-0.9857338,-0.99511764,-0.98343768,-0.99051488,-0.98461612,-0.99826556,-0.99699941,-0.98779159,-0.99990316,-0.99964338,-0.99978569,-0.98923066,-0.9890051,-0.98137835,-1.0,-1.0,-1.0,0.4,-0.72,0.0,0.29449183,-0.26943909,-0.076321413,-0.62920089,-0.88828847,-0.39939435,-0.85190595,-0.5670209,-0.91083906,-0.99997586,-0.99992578,-0.99996105,-0.99984282,-0.99976038,-0.99983811,-0.99992683,-0.99996503,-0.99994302,-0.99991042,-0.9997862,-0.99992137,-0.99994419,-0.99975233,-0.99931469,-0.9997328,-0.99988202,-0.99968683,-0.99965287,-0.99969055,-0.99974063,-0.99998597,-0.99960314,-0.99977535,-0.99963276,-0.99977559,-0.99966144,-0.99968383,-0.99993421,-0.99959588,-0.99978591,-0.99975324,-0.99972038,-0.99985383,-0.99999771,-0.99998602,-0.99966418,-0.99979944,-0.99974997,-0.99999689,-0.99974565,-0.99977806,-0.9866133,-0.99351372,-0.99284563,-0.98731964,-0.99075594,-0.99611933,-0.98468462,-0.99248709,-0.99364532,-0.98821197,-0.99232163,-0.99771174,-0.99828062,-0.99673561,-0.99687461,-0.99148495,-0.9998928,-0.99994492,-0.99996317,-0.99294975,-0.9950856,-0.98867029,-0.68008587,-0.82602909,-0.91833498,-0.53333333,-1.0,-0.65517241,-0.33083624,-0.35504832,0.26896638,-0.27260442,-0.6547511,-0.21649083,-0.65913848,-0.76271379,-0.94911464,-0.99989483,-0.99993718,-0.99998148,-0.99997904,-0.9999516,-0.99993649,-0.99996002,-0.9999987,-0.9998921,-0.99997863,-0.99994199,-0.99997715,-0.99989323,-0.99996907,-0.99991318,-0.99998976,-0.99999742,-0.99999405,-0.99999227,-0.99998392,-0.99997413,-0.99999746,-0.99993568,-0.99999605,-0.99999089,-0.99998075,-0.9999397,-0.99999309,-0.99998173,-0.99996392,-0.99993964,-0.99996394,-0.9999468,-0.99993843,-0.99998685,-0.99999084,-0.99997253,-0.99992765,-0.99995025,-0.9999888,-0.99996638,-0.9999616,-0.99105975,-0.99438304,-0.99353552,-0.99426997,-0.99376584,-0.99105975,-0.99990023,-0.99493055,-0.94618223,-1.0,0.46159945,-0.53808852,-0.76639702,-0.9899206,-0.99450775,-0.99277534,-0.99329664,-0.98913838,-0.9899206,-0.99987696,-0.99254551,-1.0,-0.77777778,0.61055438,-0.57670604,-0.81086753,-0.98952717,-0.98588871,-0.98487463,-0.9858386,-0.99932241,-0.98952717,-0.99985415,-0.98855466,-0.72089079,-1.0,-0.22533144,-0.26991808,-0.59127197,-0.99598393,-0.99510555,-0.99561939,-0.99454838,-0.99519962,-0.99598393,-0.99997756,-0.99622092,-0.95569589,-1.0,0.26397888,-0.030376007,-0.38366846,0.020008035,-0.1750487,0.51050983,0.29198583,0.46620946,-0.47232794,-0.52469283
0.27846685,-0.019199582,-0.10506604,-0.98417121,-0.95912859,-0.97369077,-0.98540171,-0.96260353,-0.97628109,-0.93222948,-0.52384199,-0.7995878,0.83469164,0.66467068,0.83396537,-0.97698124,-0.9998074,-0.9995184,-0.99930865,-0.98717517,-0.97184006,-0.98276366,-0.35597788,-0.48318876,-0.41277887,0.18026768,-0.19400614,0.14968622,0.24749119,0.10444262,0.059894707,-0.067233259,0.61379038,0.36344901,-0.1531793,0.20184377,0.33425505,0.025638833,-0.16960924,0.26460723,-0.29472895,0.71563626,0.70277345,-0.98894919,-0.99587473,-0.99736151,-0.98864892,-0.99617549,-0.99745295,-0.36081394,0.66991642,0.68949491,-0.25107235,0.73005964,0.70455742,0.43395964,-0.97024799,0.03852018,-0.038796804,-0.98801007,-0.99715849,-0.99753616,-0.69017917,-0.86459168,-1.0,-0.44575612,0.45393818,-0.4620667,0.47027364,-0.071424597,0.11476644,-0.22583221,0.36222659,-0.070915141,0.16002976,-0.25016782,0.33883333,-0.49438019,-0.25606413,-0.70786797,0.061392748,0.0097320628,0.022608356,-0.98174206,-0.95856696,-0.97631685,-0.98114624,-0.95931975,-0.9767924,-0.98908659,-0.97204665,-0.97361752,0.97588576,0.94177,0.9653659,-0.97462286,-0.99970928,-0.99874996,-0.9993727,-0.97941824,-0.9655491,-0.97983467,-0.58067429,-0.46913139,-0.52763928,0.1060677,-0.086958758,0.10072446,0.14984264,-0.2776433,0.31864805,-0.47947742,0.9193587,0.018042483,-0.10755027,-0.12417873,0.7292828,-0.13875404,0.28627611,0.58168104,-0.03177692,-0.065421778,0.084978736,-0.9832824,-0.99009208,-0.98931474,-0.98378027,-0.99076605,-0.98932568,-0.86917123,-0.95044402,-0.74981604,0.83468671,0.91137344,0.82497856,-0.98485107,-0.99983348,-0.99991273,-0.99990279,-0.98351024,-0.99129728,-0.99060795,-0.43716433,-0.21383316,-0.46684883,0.15798339,-0.33680913,0.4679127,0.22990751,0.081015014,-0.17460375,0.15165888,0.23186606,0.32547961,-0.15822369,0.043351849,0.52971139,-0.053931306,0.37797399,0.006349212,-0.1006132,-0.047831982,-0.05354467,-0.98548111,-0.99520046,-0.98760124,-0.98428947,-0.99538205,-0.98833886,-0.99059084,-0.99491535,-0.98011746,0.98701962,0.99620915,0.98858578,-0.99150815,-0.99983712,-0.99997674,-0.99985256,-0.98087419,-0.99553272,-0.98935644,-0.44926731,-0.66641163,-0.48809046,0.10476718,-0.46805559,0.089473479,0.51953749,0.065504014,-0.084028509,0.050752642,0.23207601,0.23403977,-0.062670084,0.12487172,0.057858936,-0.17372561,0.4798348,-0.11799257,-0.97845118,-0.97328394,-0.97803816,-0.96030607,-0.99094094,-0.97845118,-0.99944106,-0.97912771,-0.44342157,0.22380792,-0.13573478,0.43720249,-0.7916484,-0.97845118,-0.97328394,-0.97803816,-0.96030607,-0.99094094,-0.97845118,-0.99944106,-0.97912771,-0.44342157,0.22380792,-0.13573478,0.43720249,-0.7916484,-0.97540264,-0.96953913,-0.97434765,-0.96422749,-0.98914314,-0.97540264,-0.99929601,-0.97936366,-0.59831366,0.43384517,-0.089204751,-0.37661338,-0.19168111,-0.98524028,-0.98436981,-0.98239315,-0.98737483,-0.98566811,-0.98524028,-0.99980975,-0.98463148,-0.22263474,-0.084680279,-0.098170839,0.27107952,-0.1467548,-0.99138816,-0.99373238,-0.99374319,-0.99457202,-0.99232809,-0.99138816,-0.9999339,-0.99329305,-0.56415597,0.49817088,-0.48777911,0.16714979,-0.21145808,-0.98190905,-0.95965428,-0.97158389,-0.98508003,-0.96033904,-0.97636783,-0.98499782,-0.96087879,-0.97045664,-0.9879046,-0.97100897,-0.98087928,-0.98453956,-0.99546342,-0.98282617,-0.97194135,-0.99980645,-0.99876257,-0.99922425,-0.98603827,-0.96448278,-0.96566474,-0.84417805,-0.70966494,-0.71840469,-0.48387097,-0.2,-0.076923077,0.16627754,0.078494465,0.28315883,-0.14775508,-0.5802858,-0.3509325,-0.71427087,-0.71766848,-0.89812611,-0.9999037,-0.99963483,-0.99981226,-0.99954986,-0.99958806,-0.99963885,-0.99948657,-0.99971276,-0.99981795,-0.99971057,-0.99962217,-0.9995624,-0.99981929,-0.99950569,-0.99928041,-0.99855702,-0.9997859,-0.99922473,-0.99850335,-0.9990943,-0.99970745,-0.99999346,-0.99872285,-0.99957659,-0.99859109,-0.99981901,-0.99879652,-0.99900955,-0.99969177,-0.99836956,-0.99968815,-0.9998611,-0.99926278,-0.99895805,-0.99960212,-0.99975139,-0.99925913,-0.99978417,-0.99917697,-0.99965265,-0.9992406,-0.99968278,-0.98230398,-0.96291023,-0.97257895,-0.9827032,-0.95632921,-0.97866342,-0.97993619,-0.96211878,-0.9789366,-0.98428766,-0.95158185,-0.97227698,-0.99710582,-0.99553635,-0.93826648,-0.97119681,-0.99970942,-0.99875001,-0.99937329,-0.98459994,-0.97092055,-0.9750743,-0.94369895,-0.85688002,-0.86415827,-0.68,-0.52,-0.52,0.14351267,-0.23611442,0.075172229,-0.26223012,-0.685165,-0.066651676,-0.50697983,-0.22263193,-0.5925417,-0.99992425,-0.99971908,-0.9998682,-0.99965469,-0.99961806,-0.9996516,-0.99953323,-0.99999706,-0.99978746,-0.999754,-0.99961385,-0.99954078,-0.99978417,-0.99949761,-0.99890766,-0.99863666,-0.99973084,-0.99918387,-0.99849202,-0.99890779,-0.99963667,-0.99999319,-0.99851324,-0.9994279,-0.99835408,-0.99968566,-0.99880211,-0.99887467,-0.99951019,-0.99800852,-0.99975652,-0.9998535,-0.9993799,-0.99913724,-0.99909772,-0.99873884,-0.99815541,-0.99983344,-0.999273,-0.99900009,-0.99905655,-0.99965154,-0.98058796,-0.99059862,-0.98625194,-0.98407562,-0.98974516,-0.99149904,-0.98009444,-0.99217897,-0.98827866,-0.98684837,-0.98896949,-0.99497955,-0.99592916,-0.98955728,-0.99803479,-0.9863483,-0.99982798,-0.99992507,-0.99989501,-0.98737708,-0.99531866,-0.98824568,-0.63519981,-0.74722895,-0.77873748,-0.53333333,-1.0,-0.44827586,-0.20726667,0.05479396,0.23567429,-0.35271264,-0.73444503,2.5461585e-05,-0.36324104,-0.62714855,-0.89104334,-0.99983888,-0.99987133,-0.99993589,-0.99997005,-0.99989626,-0.99980722,-0.99990104,-0.99997803,-0.99982982,-0.99993829,-0.99985098,-0.99993512,-0.99982953,-0.99993631,-0.99989018,-0.99998725,-0.99999252,-0.99998281,-0.99997903,-0.99991544,-0.99990257,-0.99989844,-0.99991857,-0.99998806,-0.99996617,-0.99988755,-0.99992145,-0.99997675,-0.9999586,-0.99984659,-0.99993182,-0.99991155,-0.99986948,-0.99989348,-0.99981988,-0.99999895,-0.99991122,-0.99989483,-0.99988138,-0.99989795,-0.99990431,-0.99990409,-0.97366534,-0.97606287,-0.97401735,-0.97625285,-0.97817108,-0.97366534,-0.99937381,-0.9789834,-0.82016958,-1.0,0.29075073,-0.086268732,-0.33409454,-0.97126851,-0.96552301,-0.97010909,-0.9623041,-0.96246422,-0.97126851,-0.9991915,-0.97825287,-0.89799999,-1.0,0.2275185,0.26433198,-0.019009222,-0.98709577,-0.98492443,-0.98286115,-0.98687915,-0.99727388,-0.98709577,-0.99982316,-0.9857772,-0.69436516,-0.94871795,-0.17120088,-0.43660481,-0.75718301,-0.99296209,-0.99509494,-0.99440921,-0.99461571,-0.98734691,-0.99296209,-0.99996143,-0.99304135,-0.95569589,-1.0,0.38245108,-0.40837124,-0.65959778,0.020906271,-0.22309281,-0.2189576,0.47121611,0.46429762,-0.47200873,-0.5246841
0.26952869,-0.019484843,-0.10155767,-0.98575764,-0.96047068,-0.97416578,-0.9872065,-0.96754689,-0.97748652,-0.93337866,-0.52384199,-0.7995878,0.83469164,0.66467068,0.83396537,-0.97948968,-0.99982509,-0.99954176,-0.99927463,-0.99041625,-0.98047802,-0.98702586,-0.54224313,-0.54118756,-0.37578035,0.21922295,-0.21332124,0.17797042,0.27605014,0.2286563,-0.057785897,0.078891614,0.55362587,0.5116628,-0.31723771,0.37113823,0.32841406,0.023775428,-0.12544146,0.35601761,-0.29459681,0.71408511,0.7044857,-0.99000752,-0.99402237,-0.98778934,-0.98953999,-0.99388988,-0.98742863,-0.36081394,0.66968943,0.69306945,-0.25013451,0.72925369,0.70455742,0.43457668,-0.97020531,0.034135084,-0.034062779,-0.98840869,-0.99363645,-0.98656526,-0.68885425,-0.72284879,-0.73001929,-0.47723542,0.48883283,-0.50040809,0.51208966,0.035466234,0.036560391,-0.1859039,0.36338161,-0.03101812,0.13634908,-0.24334913,0.34947817,0.84712178,-0.97403627,-0.91964032,0.071718947,0.0053965423,-0.005739048,-0.98150305,-0.95795817,-0.97624587,-0.98128924,-0.96034421,-0.97845388,-0.98858776,-0.97204665,-0.97361752,0.97588576,0.94177,0.9653659,-0.97555427,-0.99970392,-0.99871883,-0.99937073,-0.97947205,-0.97289412,-0.98646306,-0.55330704,-0.49681685,-0.6048898,0.12449289,-0.11831683,0.17451145,0.085062395,-0.1436772,0.13180835,-0.26482295,0.8593089,0.11183348,-0.24028524,-0.081988307,0.8356449,-0.12504125,0.29153606,0.62847791,-0.027656813,-0.068934694,0.087323428,-0.98302818,-0.99016928,-0.98968814,-0.98475545,-0.99123909,-0.98991078,-0.86917123,-0.95044402,-0.74981604,0.83733763,0.91018077,0.82578679,-0.98670095,-0.99983993,-0.99992233,-0.99990826,-0.98597871,-0.99275154,-0.99095634,-0.33268892,-0.33681647,-0.42880248,0.13296855,-0.3045717,0.43793619,0.25420847,0.10304472,-0.19302677,0.16441529,0.22557719,0.37114064,-0.21692237,0.1208393,0.50489745,-0.51911069,0.47045523,-0.21490357,-0.094327054,-0.042027315,-0.051045925,-0.9856705,-0.99553875,-0.98832183,-0.98618307,-0.99584582,-0.98834447,-0.98630522,-0.99491535,-0.98011746,0.98701962,0.99620915,0.99122491,-0.99227543,-0.99984054,-0.99997921,-0.99986527,-0.98881251,-0.99594449,-0.98830719,-0.44789435,-0.6430073,-0.48937491,0.073503366,-0.43594652,0.083379512,0.52553575,0.12832907,-0.075352332,0.099059379,0.2273029,0.28288435,-0.16814694,0.20208995,-0.012560948,-0.3000468,0.44264618,-0.12855852,-0.98057187,-0.96894582,-0.97197539,-0.96030607,-0.99477022,-0.98057187,-0.99945811,-0.97342459,-0.39321406,0.24534694,-0.14889105,0.44046906,-0.79317587,-0.98057187,-0.96894582,-0.97197539,-0.96030607,-0.99477022,-0.98057187,-0.99945811,-0.97342459,-0.39321406,0.24534694,-0.14889105,0.44046906,-0.79317587,-0.97574235,-0.9678319,-0.97177857,-0.96422749,-0.98367469,-0.97574235,-0.99928465,-0.97879776,-0.51085653,0.54403718,-0.14773218,-0.29315338,-0.35960021,-0.98666019,-0.98229687,-0.97995577,-0.98737483,-0.99381494,-0.98666019,-0.99982101,-0.98055825,-0.17891302,-0.13185185,0.012618831,0.11675419,-0.086011551,-0.9922066,-0.9927557,-0.99236947,-0.99457202,-0.99402991,-0.9922066,-0.99993797,-0.99125806,-0.54613833,0.35960852,-0.43288947,0.32975013,-0.29505179,-0.98369709,-0.95952422,-0.97619532,-0.98658461,-0.96240767,-0.97403173,-0.98396944,-0.96276464,-0.97357608,-0.9902833,-0.97504496,-0.97596327,-0.99036761,-0.99492267,-0.99359598,-0.97437631,-0.99983712,-0.99882944,-0.99924432,-0.98656167,-0.97658986,-0.97932126,-0.79263267,-0.74192439,-0.76062688,-0.48387097,-0.13333333,-0.076923077,-0.0026290396,0.19727217,0.30786349,-0.40271456,-0.80105899,-0.4420645,-0.81031145,-0.47884254,-0.75114713,-0.99991707,-0.999694,-0.99977624,-0.99973526,-0.99972393,-0.99975903,-0.99969197,-0.99995452,-0.99984605,-0.999735,-0.99975215,-0.99977998,-0.99984283,-0.99970056,-0.99952989,-0.99831571,-0.9998294,-0.99927055,-0.99859878,-0.99884732,-0.99923103,-0.99990081,-0.99878987,-0.99963187,-0.99856608,-0.99948907,-0.99886545,-0.99903567,-0.99979501,-0.99804389,-0.99984186,-0.99992824,-0.99934545,-0.99892261,-0.99943366,-0.99996398,-0.99923664,-0.99990652,-0.99923478,-0.99959701,-0.99925086,-0.99974726,-0.98090403,-0.9614866,-0.97634325,-0.98393018,-0.95666765,-0.97444315,-0.97804574,-0.96246706,-0.97665677,-0.9880589,-0.95483648,-0.96959691,-0.98853838,-0.99629771,-0.99966871,-0.97152132,-0.99970341,-0.99871895,-0.99937074,-0.97414156,-0.9704134,-0.97611397,-1.0,-0.89481271,-0.90016193,-0.68,-0.48,-0.52,0.1816794,-0.13477174,-0.026317129,-0.59583074,-0.88838712,-0.06752286,-0.53248242,-0.093031225,-0.46507995,-0.99989629,-0.99975056,-0.9997908,-0.99967303,-0.9997112,-0.99964661,-0.99953861,-0.9999794,-0.99979514,-0.99970064,-0.99967435,-0.99954265,-0.99976051,-0.99955181,-0.99941038,-0.99842379,-0.99977763,-0.99922792,-0.99863856,-0.99858163,-0.99924821,-0.99994753,-0.99843857,-0.99948281,-0.998334,-0.99934044,-0.99876841,-0.99889456,-0.99967719,-0.99772717,-0.99985725,-0.99992149,-0.99937449,-0.99883274,-0.99900577,-0.99999624,-0.99797396,-0.99991816,-0.99917684,-0.99905684,-0.99904513,-0.99965504,-0.98111225,-0.99158635,-0.98733367,-0.9835965,-0.98929642,-0.99149885,-0.97955546,-0.99155827,-0.98947528,-0.98688537,-0.98966835,-0.99417002,-0.99849403,-0.99681946,-0.98914473,-0.98725449,-0.99982321,-0.99992605,-0.99990059,-0.99096269,-0.99537372,-0.9898811,-0.63933447,-0.74722895,-0.8172859,-0.66666667,-1.0,-0.44827586,-0.19632064,-0.26639072,0.38321439,-0.34218422,-0.72957379,-0.14455461,-0.53962563,-0.45868689,-0.79300313,-0.99985314,-0.99973318,-0.99996753,-0.99997423,-0.99990085,-0.99983693,-0.99985828,-0.99996246,-0.99982306,-0.99996545,-0.99986626,-0.99990439,-0.99982461,-0.99994374,-0.99989505,-0.99997869,-0.99999421,-0.99999083,-0.99998252,-0.99995962,-0.99992967,-0.99999466,-0.99991628,-0.99999207,-0.99997805,-0.99994829,-0.99992014,-0.9999866,-0.99996229,-0.99984998,-0.99993163,-0.99992723,-0.99988402,-0.99987066,-0.99977035,-0.99996797,-0.99991586,-0.99990224,-0.9998859,-0.99985648,-0.99990891,-0.99991631,-0.97132859,-0.97118009,-0.9727777,-0.96946216,-0.97216227,-0.97132859,-0.99920532,-0.97661425,-0.79053264,-1.0,0.2644923,0.19199649,-0.0086290043,-0.97054864,-0.96258169,-0.96995945,-0.95772169,-0.96049521,-0.97054864,-0.99911882,-0.98080123,-0.89799999,-1.0,0.35592137,0.4748985,0.20926834,-0.98680289,-0.9821105,-0.98241158,-0.98374786,-0.99601588,-0.98680289,-0.99978142,-0.98688408,-0.720683,-1.0,-0.22246137,-0.17860113,-0.55356598,-0.99272221,-0.99285408,-0.99307528,-0.991592,-0.99107651,-0.99272221,-0.9999517,-0.99280162,-0.95569589,-1.0,0.26581335,0.042287166,-0.24426756,-0.081676508,0.62849257,-0.62757195,-0.11808406,0.46420706,-0.47042877,-0.52631352
0.28295417,-0.018113512,-0.10822992,-0.99306266,-0.97919384,-0.99050284,-0.99441101,-0.98109918,-0.99276772,-0.93781787,-0.55712435,-0.8108586,0.83980462,0.6846986,0.84474023,-0.99158018,-0.99994079,-0.9998362,-0.99983043,-0.9951299,-0.98436234,-0.99480326,-0.48925274,-0.59253828,-0.61173417,0.15099299,-0.10486733,0.02003389,0.22621816,0.24629001,-0.23705727,0.39124829,0.22749198,0.57730337,-0.43343628,0.47736083,-0.043900423,0.095024517,-0.23980657,-0.25027869,-0.29675023,0.71289073,0.70678045,-0.99555891,-0.99883465,-0.99340424,-0.99574953,-0.9989357,-0.99382297,-0.36296929,0.66717303,0.69335641,-0.25013451,0.72904434,0.70647157,0.43332401,-0.97091716,0.030761385,-0.027713923,-0.99611573,-0.99919531,-0.99484248,-0.92562664,-1.0,-0.7759587,-0.51170346,0.5209178,-0.53018149,0.53963396,-0.14134405,0.21452368,-0.35211059,0.51222206,-0.20492603,0.21770722,-0.23049685,0.24113022,0.58599405,-0.86750629,-0.86810311,0.085710135,0.0028157272,-0.014862293,-0.99171384,-0.98117783,-0.99282944,-0.99199982,-0.9815717,-0.99213208,-0.98858776,-0.98517428,-0.9947185,0.99162514,0.98118069,0.98245583,-0.99103205,-0.99990901,-0.99964268,-0.99986836,-0.9911593,-0.98575332,-0.99005186,-0.71650316,-0.72183618,-0.82471931,0.14494342,0.022521037,0.13873891,0.0025288994,-0.0024534262,-0.27039579,0.14754895,0.62838104,0.43363573,-0.30439689,0.25000813,0.46612252,-0.040517007,0.40106742,-0.047173039,-0.026397383,-0.084124792,0.086941407,-0.98987345,-0.9902393,-0.99473023,-0.99138558,-0.99126497,-0.99530989,-0.87257828,-0.95448891,-0.75424354,0.83997944,0.90794319,0.82617839,-0.99166899,-0.99993513,-0.99991174,-0.99996541,-0.99387071,-0.99543915,-0.99654825,-0.38059848,-0.70478556,-0.56690023,0.10648244,-0.1632575,0.18550145,0.53348326,-0.036556313,-0.15288583,0.096847939,0.45280548,0.37718316,-0.20465765,0.18218591,0.30923176,-0.081092606,0.47234366,-0.2395008,-0.097724631,-0.035756334,-0.056019042,-0.99034109,-0.99701232,-0.99356459,-0.99160877,-0.99719526,-0.99316798,-0.98630522,-0.99781097,-0.99525946,0.98877379,0.99762542,0.99322456,-0.99552832,-0.99991504,-0.99998824,-0.99994254,-0.99373898,-0.99689248,-0.99162791,-0.57323724,-0.70326076,-0.64538512,-0.086555374,-0.2102356,-0.064977027,0.5256166,-0.018199034,-0.21243634,-0.014440469,-0.048700321,0.30930277,-0.067267461,0.21411756,0.21758065,-0.01386964,0.23053944,-0.094333214,-0.99224427,-0.98746805,-0.98909874,-0.98535439,-0.99628937,-0.99224427,-0.99985204,-0.98965406,-0.65067091,0.23256694,-0.18269216,0.27231958,-0.36168036,-0.99224427,-0.98746805,-0.98909874,-0.98535439,-0.99628937,-0.99224427,-0.99985204,-0.98965406,-0.65067091,0.23256694,-0.18269216,0.27231958,-0.36168036,-0.99116634,-0.98934727,-0.99021652,-0.98819508,-0.98995205,-0.99116634,-0.9998299,-0.98841959,-0.73697152,0.24476413,-0.23652612,0.33520479,-0.46262084,-0.99119103,-0.98641132,-0.98453131,-0.98887028,-0.99450346,-0.99119103,-0.99989994,-0.98469138,-0.31098942,-0.16716164,0.03597787,0.069657984,0.011058363,-0.99547483,-0.9952159,-0.99550476,-0.99525602,-0.99402991,-0.99547483,-0.9999699,-0.99608983,-0.65284279,0.26565393,-0.28595842,0.14632294,-0.19716708,-0.99094201,-0.9791868,-0.99008783,-0.99409409,-0.97940247,-0.99064432,-0.9931023,-0.97899639,-0.99024934,-0.99590977,-0.98364624,-0.98939217,-0.98179877,-0.99452216,-0.99450265,-0.98880819,-0.99994587,-0.99957669,-0.99979848,-0.99278187,-0.98635723,-0.9912794,-0.87389237,-0.83986013,-0.90357248,-0.5483871,-0.6,-1.0,0.2779869,0.16738401,0.40737694,-0.41828329,-0.81614417,-0.38364199,-0.74006968,-0.60967962,-0.82109534,-0.99996676,-0.99992812,-0.99992374,-0.99970035,-0.9998036,-0.99982555,-0.99992219,-0.99986158,-0.99995466,-0.99985114,-0.9998269,-0.99990189,-0.9999542,-0.9997116,-0.99971471,-0.9995443,-0.99984198,-0.99981478,-0.99975974,-0.99950076,-0.99980644,-0.99989318,-0.99956354,-0.99980134,-0.99966545,-0.99983711,-0.99957471,-0.9997803,-0.99983331,-0.99975849,-0.99973596,-0.99997878,-0.99972229,-0.99941563,-0.99933174,-0.99992063,-0.99982015,-0.9998573,-0.99966859,-0.99951179,-0.99979153,-0.99990709,-0.99111925,-0.98282041,-0.9898154,-0.99324634,-0.98044771,-0.99489656,-0.99162263,-0.98209834,-0.99397649,-0.99533962,-0.98245262,-0.99384818,-0.9963426,-0.9994856,-0.95964194,-0.98855279,-0.99990915,-0.99964288,-0.99986857,-0.99273452,-0.98739084,-0.98841016,-1.0,-1.0,-1.0,0.08,-0.64,-0.2,0.22308117,-0.26172426,0.27387524,-0.53812414,-0.85629059,-0.33745614,-0.80184658,-0.67748287,-0.92880146,-0.99995931,-0.99994825,-0.99994351,-0.99980603,-0.99988228,-0.99984464,-0.99992921,-0.9999955,-0.99995004,-0.99988032,-0.99987076,-0.9999296,-0.99994304,-0.99978199,-0.99954689,-0.99961824,-0.99983902,-0.9998474,-0.99987599,-0.99937156,-0.99974816,-0.99999695,-0.99955393,-0.99981968,-0.99967805,-0.99978355,-0.99960671,-0.99980206,-0.99979383,-0.9997876,-0.99982867,-0.99997294,-0.9997885,-0.99963429,-0.99890094,-0.99953292,-0.99977839,-0.99992871,-0.99973572,-0.9989043,-0.99982558,-0.99990585,-0.98900966,-0.99167334,-0.99321543,-0.99009165,-0.98935598,-0.99580478,-0.9888274,-0.99118226,-0.99432828,-0.98829533,-0.99179965,-0.99687191,-0.99711844,-0.99331848,-0.99505699,-0.99160868,-0.99992911,-0.99992691,-0.99996242,-0.99336123,-0.99639471,-0.99290098,-0.72274043,-0.7311002,-0.86270321,-0.6,-0.74193548,-0.31034483,-0.11062537,-0.19603766,0.36721982,-0.027951076,-0.34522198,-0.25948477,-0.71042407,-0.58694937,-0.8573318,-0.99993489,-0.99993439,-0.99997999,-0.99997883,-0.99992235,-0.99997144,-0.99996197,-0.99999633,-0.99992941,-0.99997735,-0.99993594,-0.99997718,-0.99992981,-0.99996718,-0.99988438,-0.99998799,-0.99999687,-0.99999476,-0.99998972,-0.99995784,-0.99991049,-0.99994744,-0.99991514,-0.99999575,-0.99998349,-0.99991435,-0.99992037,-0.99999131,-0.99998313,-0.99995253,-0.99995418,-0.99995771,-0.99996983,-0.99991376,-0.99994683,-0.99999223,-0.99997004,-0.9999385,-0.9999605,-0.99996678,-0.99996586,-0.99996048,-0.98622561,-0.98931372,-0.98710254,-0.99106216,-0.99154634,-0.98622561,-0.99979439,-0.98875807,-0.90701426,-1.0,0.2735123,-0.50163316,-0.76494004,-0.98867248,-0.9889202,-0.98792035,-0.98959304,-0.97858654,-0.98867248,-0.99982254,-0.99241402,-1.0,-1.0,0.26554117,-0.3480908,-0.725611,-0.98985236,-0.98618693,-0.98537723,-0.98647457,-0.99789009,-0.98985236,-0.99986006,-0.99298938,-0.75149592,-1.0,-0.20649562,-0.28680343,-0.62248711,-0.99469328,-0.99605471,-0.99549343,-0.99678208,-0.99301946,-0.99469328,-0.99997412,-0.99506742,-1.0,-1.0,0.14996497,-0.5977944,-0.86465347,0.1191977,0.41731344,0.4233749,-0.39925316,0.4658094,-0.46888449,-0.52820815
0.29097171,-0.017650903,-0.11110474,-0.99568303,-0.98655404,-0.99276464,-0.99605362,-0.98829577,-0.99222944,-0.93606804,-0.56700576,-0.82225927,0.85143079,0.68567563,0.84563383,-0.99273357,-0.99993649,-0.99991356,-0.99986832,-0.99663814,-0.9902486,-0.99231676,-0.38009402,-0.64683834,-0.65303541,-0.075878439,0.057589596,0.011268331,-0.053505718,-0.070347918,0.20465842,-0.11739127,0.31001659,0.44648101,-0.26353268,0.35715978,-0.056714954,-0.24524868,0.1317555,-0.3539481,-0.29472096,0.7123092,0.7066822,-0.98863589,-0.99757553,-0.99495238,-0.98884228,-0.99755619,-0.99463878,-0.35839366,0.66639898,0.69335641,-0.25007832,0.72774349,0.70821128,0.43538445,-0.97024502,0.02912231,-0.027987228,-0.9891953,-0.99785786,-0.9940916,-0.69544953,-1.0,-0.7759587,-0.42055586,0.43399297,-0.44772988,0.46189391,-0.17313937,0.18140603,-0.24773865,0.336828,-0.22625041,0.24291315,-0.25909826,0.27256746,-0.97005681,-0.80554033,0.6573304,0.07894134,0.0099897644,0.01133804,-0.99424707,-0.98597835,-0.99280774,-0.99449314,-0.98530665,-0.99081871,-0.99384452,-0.99241846,-0.98926993,0.99392513,0.98118069,0.99283383,-0.99265635,-0.99994424,-0.9997673,-0.99986795,-0.9942555,-0.98714775,-0.98790973,-0.79746479,-0.75496819,-0.76228622,-0.0088441824,0.24095867,0.046388205,0.27981118,-0.22603767,0.3335149,-0.081976094,0.33589243,0.25984811,-0.14592459,0.18534619,0.30737,-0.38728969,0.34207032,-0.17397498,-0.027609221,-0.080437799,0.085093501,-0.99438967,-0.99025539,-0.99716909,-0.99447696,-0.99167844,-0.99759949,-0.88270913,-0.95448891,-0.75756926,0.84195608,0.90794319,0.82617839,-0.99409342,-0.9999764,-0.99992201,-0.99998413,-0.99514041,-0.99545658,-0.99850681,-0.50110724,-0.59708681,-0.7070279,0.27938114,-0.31404692,0.36245179,0.41855317,-0.017264875,-0.17725667,0.14270838,0.43558108,0.39923195,-0.19691395,0.21565118,0.27248046,0.1487423,0.223318,-0.16835516,-0.098738816,-0.039861916,-0.057705264,-0.99445504,-0.99702641,-0.99592097,-0.99468046,-0.99713393,-0.99610876,-0.99508011,-0.99781097,-0.99509512,0.99426272,0.99762542,0.99531187,-0.99700855,-0.99996259,-0.99998835,-0.99996833,-0.9951843,-0.99778311,-0.99601606,-0.69157022,-0.75063691,-0.72380439,0.1340291,-0.36540631,0.093319658,0.47894406,-0.026188924,-0.22289941,-0.023328963,0.0087755102,0.31363589,-0.018497048,0.17404156,0.42166251,0.030632658,0.16003983,-0.046941012,-0.99346004,-0.99362798,-0.99402012,-0.99232906,-0.99821073,-0.99346004,-0.99990091,-0.99374228,-0.75081635,0.12448965,-0.072969182,0.067777613,-0.14344092,-0.99346004,-0.99362798,-0.99402012,-0.99232906,-0.99821073,-0.99346004,-0.99990091,-0.99374228,-0.75081635,0.12448965,-0.072969182,0.067777613,-0.14344092,-0.99298866,-0.99275412,-0.99349814,-0.99133535,-0.98995205,-0.99298866,-0.99987894,-0.99403927,-0.80637518,0.13675588,0.022088934,-0.12854266,-0.15321197,-0.99386773,-0.99004777,-0.98908486,-0.9931115,-0.99530444,-0.99386773,-0.99994073,-0.99064717,-0.42225849,-0.023250466,-0.17851622,0.34620212,-0.18701151,-0.99703082,-0.99713757,-0.99697176,-0.99722839,-0.9968735,-0.99703082,-0.99998335,-0.99613769,-0.73152741,0.51382266,-0.44850442,0.21708598,-0.35088648,-0.99515048,-0.98592533,-0.99168342,-0.99585478,-0.986643,-0.99322674,-0.99456765,-0.98537373,-0.99318501,-0.99744316,-0.99053154,-0.99193874,-0.99536756,-0.99807356,-0.99193481,-0.99356449,-0.99997196,-0.99977544,-0.9998545,-0.99422847,-0.98717043,-0.99188365,-1.0,-0.94487044,-0.90357248,-1.0,-0.53333333,-0.38461538,-0.012771228,0.051880116,0.45463664,-0.55864091,-0.90828707,-0.55061519,-0.86579923,-0.6247196,-0.83814623,-0.99998197,-0.99996006,-0.99990927,-0.99992906,-0.99990184,-0.99996924,-0.99995777,-0.99998614,-0.9999762,-0.999907,-0.99994218,-0.99996729,-0.99997319,-0.99993031,-0.99979363,-0.99988286,-0.9997712,-0.99974145,-0.99986486,-0.99982338,-0.99993747,-0.99999894,-0.99979819,-0.99971174,-0.99986607,-0.99996173,-0.99977667,-0.99978846,-0.99991262,-0.99970646,-0.99978267,-0.9999375,-0.99986466,-0.99953414,-0.99951534,-0.99976308,-0.99986677,-0.99987213,-0.99981486,-0.99959466,-0.99984619,-0.99991929,-0.99493034,-0.98779026,-0.99167662,-0.99391656,-0.98471552,-0.9924154,-0.99225843,-0.98555013,-0.99143239,-0.99501691,-0.98323216,-0.99294558,-0.99889066,-0.99861943,-0.99964863,-0.99269683,-0.99994416,-0.99976729,-0.99986815,-0.9930515,-0.98751989,-0.98790405,-1.0,-1.0,-1.0,-0.32,-0.32,-0.68,0.043081841,-0.25772312,0.042630009,-0.43423957,-0.81329155,-0.29879292,-0.73685247,-0.65276321,-0.89293216,-0.99999031,-0.99995351,-0.99992469,-0.99993107,-0.99990133,-0.99996557,-0.99994035,-0.99999982,-0.99996726,-0.99992038,-0.99993333,-0.99994138,-0.99994955,-0.99991635,-0.99970209,-0.9998932,-0.99974525,-0.99972997,-0.99987287,-0.99978247,-0.99992024,-0.99999959,-0.99983983,-0.99969589,-0.999851,-0.99993426,-0.99977337,-0.99979513,-0.99987996,-0.99973588,-0.99980548,-0.9999379,-0.9998637,-0.99959981,-0.99947545,-0.99999991,-0.99976472,-0.99989972,-0.99978281,-0.99950292,-0.99980363,-0.99990307,-0.99400955,-0.99311791,-0.99626816,-0.99443988,-0.98866414,-0.99779049,-0.99410907,-0.99128956,-0.99700624,-0.9935982,-0.99090032,-0.99822018,-0.9974309,-0.99893053,-0.99352313,-0.99484105,-0.99997337,-0.99992711,-0.99998325,-0.99701176,-0.99694294,-0.99649099,-0.8745697,-0.78337591,-0.95273437,-0.53333333,-0.74193548,-0.31034483,0.052847109,-0.50642517,0.47089854,-0.093752928,-0.46129644,-0.20627244,-0.67015111,-0.5767971,-0.86128474,-0.99997556,-0.99997781,-0.99997804,-0.99999391,-0.99996814,-0.99996135,-0.99997328,-0.99999623,-0.99997402,-0.99998193,-0.99996357,-0.99998345,-0.99997356,-0.99998604,-0.99988113,-0.99998849,-0.99999838,-0.9999971,-0.99999189,-0.99998411,-0.99996856,-0.99999921,-0.99991328,-0.99999787,-0.99999062,-0.99997759,-0.99991936,-0.99999533,-0.99999483,-0.99996921,-0.99997073,-0.99997848,-0.99998091,-0.99994693,-0.99997059,-0.99998023,-0.99998676,-0.99996434,-0.99997757,-0.999975,-0.99998473,-0.9999801,-0.99258537,-0.99455426,-0.99258934,-0.99707158,-0.99649147,-0.99258537,-0.9999149,-0.99060698,-1.0,-0.24137931,0.31766983,-0.76631371,-0.93209548,-0.99151702,-0.9935428,-0.99043558,-0.99530604,-0.97491844,-0.99151702,-0.99989162,-0.99183987,-1.0,-0.93650794,0.31541101,-0.73140434,-0.95298148,-0.9934954,-0.98925251,-0.99038214,-0.98839913,-0.99720472,-0.9934954,-0.99991553,-0.99380943,-0.80706685,-1.0,-0.27046837,-0.087889032,-0.43513264,-0.99687824,-0.99725499,-0.99730441,-0.99660246,-0.99467231,-0.99687824,-0.99998695,-0.99678658,-1.0,-1.0,0.4031848,-0.24759572,-0.50991818,0.11119269,-0.41808327,0.63368617,0.29120507,0.4643184,-0.46852356,-0.5283177
0.28590611,-0.016778561,-0.10902516,-0.99386387,-0.9933523,-0.99018168,-0.99474344,-0.99363927,-0.99074344,-0.93606804,-0.56958953,-0.81366768,0.84734011,0.69101909,0.83893072,-0.99420429,-0.99994132,-0.99996586,-0.99982231,-0.99539071,-0.99331172,-0.98999654,-0.40698272,-0.7026066,-0.59357069,-0.0048981373,-0.036538905,0.17851897,-0.098718577,0.30217414,-0.075230102,0.22336574,-0.031524644,0.2222826,0.025720594,-0.009702078,0.26585063,-0.39216329,0.21914958,-0.10897949,-0.29013269,0.71179043,0.70600605,-0.98758229,-0.99809468,-0.99974886,-0.98734852,-0.99812875,-0.99977337,-0.35614582,0.66621134,0.69154614,-0.24762321,0.72773259,0.70802679,0.44099191,-0.96870768,0.027660756,-0.029862584,-0.98631935,-0.99820286,-0.99977964,-0.57655613,-1.0,-0.72429593,-0.39703234,0.4044096,-0.41194786,0.41978171,0.051478971,-0.11008914,0.099334439,-0.058536017,-0.13142137,0.21372811,-0.29545271,0.37402171,-0.57685528,0.28894814,-0.57853541,0.073118991,0.0063592772,-0.0067663888,-0.9929666,-0.98940299,-0.99012663,-0.99278038,-0.98751399,-0.98764636,-0.99384452,-0.99241846,-0.98926993,0.99392513,0.99072895,0.99246264,-0.99137524,-0.99992738,-0.99984204,-0.99980592,-0.99082323,-0.98727093,-0.98578039,-0.73721977,-0.74625778,-0.72505638,0.047558797,0.1571158,0.041262258,0.53025641,0.17125947,0.080122016,0.43285486,0.18367083,-0.043453261,0.16430374,-0.12694184,0.37363599,-0.42812786,0.37676092,0.060220013,-0.026663633,-0.07235518,0.08573027,-0.99679444,-0.99486324,-0.99733592,-0.99662999,-0.99552662,-0.99753096,-0.88550521,-0.95547694,-0.75854516,0.84505412,0.9102893,0.82716246,-0.99659179,-0.99998961,-0.99997322,-0.99998569,-0.99624391,-0.9960146,-0.99783771,-0.55758437,-0.50053944,-0.67855718,0.37898136,-0.37165441,0.41942267,0.36325109,0.10254843,-0.24725403,0.29221655,0.19842608,0.52889373,-0.26600144,0.29201665,0.33144164,-0.1321672,0.10034807,0.1500481,-0.098933045,-0.03912543,-0.052422598,-0.99629934,-0.99827103,-0.99572479,-0.99625459,-0.99843468,-0.99578936,-0.99470432,-0.99843824,-0.99432244,0.99530511,0.99788906,0.99573229,-0.99802359,-0.99997843,-0.9999943,-0.99996641,-0.99597524,-0.99899718,-0.99579938,-0.79679926,-0.84346773,-0.68299855,0.27012194,-0.35526626,0.19642199,0.49083229,0.13922446,-0.22701865,0.19379628,0.022715322,0.38603184,-0.062880808,0.23811648,0.55890816,-0.025397764,0.09033019,0.065450314,-0.99455566,-0.99446344,-0.99472527,-0.99123166,-0.99821073,-0.99455566,-0.99992088,-0.99253237,-0.78112145,0.10135314,-0.021160783,0.04677344,-0.20564633,-0.99455566,-0.99446344,-0.99472527,-0.99123166,-0.99821073,-0.99455566,-0.99992088,-0.99253237,-0.78112145,0.10135314,-0.021160783,0.04677344,-0.20564633,-0.9915806,-0.99398599,-0.99450492,-0.99248781,-0.98475489,-0.9915806,-0.99986299,-0.99581295,-0.84127596,0.068801612,-0.03447876,-0.06176129,-0.054134967,-0.99654707,-0.99666964,-0.99677111,-0.99563919,-0.99530444,-0.99654707,-0.9999785,-0.99684182,-0.70061562,0.13725326,-0.25399322,0.28931352,-0.15802533,-0.9980211,-0.99830866,-0.9982317,-0.99851898,-0.9968735,-0.9980211,-0.99999031,-0.9975197,-0.84290276,0.5198092,-0.43818009,0.31780702,-0.49820743,-0.9933952,-0.99048722,-0.99042906,-0.99396999,-0.99449657,-0.989883,-0.99306998,-0.99223581,-0.98857095,-0.99450279,-0.99691815,-0.98762426,-0.98912118,-0.99137226,-0.98982876,-0.99364098,-0.99995459,-0.99991134,-0.99979012,-0.99163049,-0.9905148,-0.98365237,-0.94635692,-1.0,-0.86879874,-1.0,-0.53333333,-0.30769231,-0.094974576,0.35779572,0.34403524,-0.34029746,-0.72156409,-0.75610588,-0.96836494,-0.57022172,-0.77379932,-0.99996797,-0.99993129,-0.99991543,-0.99993767,-0.99988648,-0.99993138,-0.99996142,-0.9999841,-0.99995656,-0.99991486,-0.99991838,-0.99996904,-0.99995538,-0.99992501,-0.99993512,-0.99993882,-0.9998352,-0.99979848,-0.99984798,-0.9998729,-0.99978879,-0.99996731,-0.9999354,-0.99979007,-0.99987273,-0.99985763,-0.99991335,-0.99983273,-0.99992028,-0.99949385,-0.99976405,-0.99992595,-0.99976284,-0.99968305,-0.99978432,-0.99993198,-0.99980434,-0.99985607,-0.99977103,-0.99983592,-0.99978212,-0.99989854,-0.99355499,-0.98983045,-0.98973224,-0.9928633,-0.98957983,-0.98887206,-0.99093335,-0.98904913,-0.98765212,-0.9930802,-0.99247255,-0.99001696,-0.99448594,-0.99944352,-0.99703147,-0.99198166,-0.99992726,-0.99984209,-0.99980596,-0.99145286,-0.98976437,-0.98492122,-1.0,-1.0,-1.0,-0.44,-0.08,-0.64,0.12017833,-0.047160635,-0.099114711,-0.344444,-0.74556936,-0.58875584,-0.93665588,-0.5350013,-0.88327983,-0.99999665,-0.99990861,-0.9999331,-0.99993977,-0.99988871,-0.99989672,-0.99995203,-0.99999592,-0.99994131,-0.99993088,-0.99989652,-0.99995211,-0.99993205,-0.99989804,-0.99990452,-0.99994515,-0.99979105,-0.99978913,-0.99987264,-0.99982597,-0.99978737,-0.99999985,-0.99993461,-0.9997572,-0.99986939,-0.99981818,-0.99986248,-0.99983935,-0.99987896,-0.99952769,-0.99975695,-0.99992547,-0.99977082,-0.9996911,-0.99969835,-0.99998025,-0.99958622,-0.99986885,-0.99973936,-0.99971217,-0.99969123,-0.99987846,-0.99628175,-0.99567698,-0.99648614,-0.99689145,-0.9943021,-0.99792187,-0.99670745,-0.99507311,-0.99710683,-0.99632385,-0.99584006,-0.99847299,-0.99715937,-0.99888717,-0.9938662,-0.99690099,-0.99998863,-0.99997338,-0.99998446,-0.99843901,-0.99811605,-0.99514682,-0.89165479,-0.82721239,-1.0,-0.4,-0.93548387,-0.034482759,0.29449185,-0.31904389,0.45615569,-0.23659507,-0.59151224,-0.38587104,-0.80208455,-0.62752538,-0.88599725,-0.99999476,-0.99995636,-0.99998799,-0.99999561,-0.99998309,-0.99995991,-0.9999614,-0.99999477,-0.99998897,-0.99999063,-0.99997336,-0.99997618,-0.99998879,-0.99999009,-0.99995709,-0.99999508,-0.99999833,-0.99999744,-0.99999554,-0.99998105,-0.99998438,-0.99999921,-0.99996872,-0.99999793,-0.99999294,-0.99998871,-0.9999708,-0.99999632,-0.99999556,-0.99996966,-0.99997417,-0.99998054,-0.99997644,-0.99993791,-0.99994421,-0.99998961,-0.99998761,-0.99996861,-0.99997186,-0.99996417,-0.99998603,-0.99997975,-0.99417337,-0.99464206,-0.99245537,-0.99719038,-0.99301371,-0.99417337,-0.99992835,-0.99298824,-1.0,1.0,0.42658113,-0.73683812,-0.93443239,-0.99388766,-0.9927189,-0.99181708,-0.99169447,-0.99075445,-0.99388766,-0.99991393,-0.99290861,-1.0,-0.65079365,0.45811595,-0.38546957,-0.66759953,-0.99698283,-0.99683328,-0.99618891,-0.99790997,-0.99590223,-0.99698283,-0.99998272,-0.99615372,-1.0,-1.0,0.087880363,-0.71156481,-0.93852652,-0.99817704,-0.99827253,-0.99812804,-0.9981063,-0.99712381,-0.99817704,-0.99999344,-0.99828959,-1.0,-1.0,0.50827878,-0.48418025,-0.75495254,-0.066088753,0.75296597,-0.28158726,-0.70517442,0.46097916,-0.46830271,-0.52794018
0.27267678,-0.015801104,-0.1095995,-0.99338919,-0.98584864,-0.98833563,-0.99406453,-0.98621421,-0.9905518,-0.94175134,-0.56466178,-0.81366768,0.84014236,0.68965389,0.83893072,-0.99234232,-0.99994539,-0.9999044,-0.99977648,-0.99364497,-0.98847734,-0.993095,-0.6443871,-0.57111605,-0.6270444,0.10269481,-0.15269692,0.2348775,0.059864753,0.30930657,-0.24855904,0.36387972,0.1812196,0.16882877,0.091132497,-0.14797323,0.35396921,-0.33226125,0.049489059,-0.11710227,-0.28786033,0.71207759,0.70570604,-0.99679325,-0.99750342,-0.99801814,-0.99687251,-0.99753098,-0.99794671,-0.35614582,0.66655497,0.69154614,-0.24220076,0.72773259,0.70744768,0.4453397,-0.96793918,0.028469774,-0.0306933,-0.99728378,-0.99785442,-0.99786343,-0.82339277,-1.0,-0.70301486,-0.52437185,0.53561307,-0.54686616,0.55826626,-0.20988542,0.21564386,-0.27659011,0.35915351,-0.045904597,0.14328772,-0.24103572,0.33662272,-0.22362286,0.42272396,-0.94351633,0.070480852,0.016934803,-0.010868048,-0.99281299,-0.98557403,-0.98804743,-0.99203437,-0.98303901,-0.98717046,-0.99558139,-0.99189896,-0.98698581,0.99087042,0.98489537,0.98611099,-0.98958907,-0.99992518,-0.99975759,-0.99975273,-0.98895087,-0.98097089,-0.98740476,-0.73721977,-0.6824236,-0.7198069,0.065995243,0.021700569,0.04325216,0.4423731,0.13523241,-0.24698752,0.32199956,0.33180012,-0.036404846,0.2258293,-0.17463998,0.29455009,-0.15437616,0.206745,0.12866442,-0.02715872,-0.064240838,0.087511702,-0.99512232,-0.99000158,-0.99553183,-0.99529615,-0.99099913,-0.99611928,-0.88361027,-0.94841077,-0.75517812,0.84177339,0.9102893,0.82544182,-0.99300686,-0.99998101,-0.99990775,-0.99997192,-0.99455045,-0.99327912,-0.99683712,-0.54049525,-0.2595029,-0.59581176,0.13967229,-0.089465023,0.20464556,0.43201594,-0.0023975684,-0.19379448,0.30854149,0.095021131,0.46067859,-0.25335873,0.28624933,0.061902407,0.21533609,0.034274539,-0.068440458,-0.10093633,-0.036399045,-0.054260541,-0.99415616,-0.99702689,-0.99361718,-0.99415954,-0.99743336,-0.99368575,-0.99343205,-0.99812166,-0.99393742,0.99345799,0.9963307,0.99482941,-0.99646471,-0.99995966,-0.99998832,-0.99994319,-0.99477667,-0.99770769,-0.99379392,-0.70709477,-0.75063691,-0.60893213,-0.024593895,-0.1024396,0.017765319,0.53159556,0.077215847,-0.22219186,0.22618157,-0.16271657,0.44371607,-0.026898033,0.34427696,0.38194962,0.22476865,0.053653927,-0.02494497,-0.99276034,-0.99100172,-0.99175386,-0.99122159,-0.99538997,-0.99276034,-0.9998784,-0.9904613,-0.69268888,0.23501818,-0.14818671,0.10791373,-0.18201009,-0.99276034,-0.99100172,-0.99175386,-0.99122159,-0.99538997,-0.99276034,-0.9998784,-0.9904613,-0.69268888,0.23501818,-0.14818671,0.10791373,-0.18201009,-0.98952983,-0.99217166,-0.99323669,-0.99104769,-0.98445184,-0.98952983,-0.99981837,-0.99498974,-0.81623787,0.083419855,-0.19588026,0.10524077,-0.024475143,-0.99273098,-0.99111707,-0.99109375,-0.99090221,-0.99470726,-0.99273098,-0.99993374,-0.99624226,-0.48481881,0.054862889,-0.24421968,0.40349405,-0.24230935,-0.99630526,-0.99711336,-0.99718586,-0.99672426,-0.98996865,-0.99630526,-0.99997931,-0.99724813,-0.75917855,0.54605561,-0.3742697,0.12895063,-0.44516305,-0.99252384,-0.98429829,-0.98544577,-0.99369844,-0.98653078,-0.99054977,-0.99232829,-0.98669632,-0.98785214,-0.99591789,-0.98911703,-0.99262129,-0.99580591,-0.99250728,-0.98486093,-0.98961191,-0.99994951,-0.9997587,-0.99974002,-0.99137633,-0.99277391,-0.97973811,-0.90731609,-0.90474776,-0.86879874,-0.41935484,-0.46666667,-0.30769231,-0.14254872,0.27222889,0.53874055,-0.45793809,-0.84093873,-0.46189465,-0.80465669,-0.78019186,-0.93283634,-0.99996654,-0.99991149,-0.99992562,-0.99994505,-0.99994312,-0.99989326,-0.99995854,-0.99997275,-0.99994959,-0.99992581,-0.9999395,-0.99996332,-0.99994962,-0.99994044,-0.99988652,-0.99966055,-0.99990758,-0.9997774,-0.99980025,-0.99973269,-0.99958549,-0.99990826,-0.999755,-0.99985392,-0.99978405,-0.9997086,-0.99976125,-0.99978955,-0.99989638,-0.99942844,-0.99981353,-0.99976422,-0.99980767,-0.99941258,-0.99956391,-0.99948007,-0.99976414,-0.99982904,-0.99973703,-0.99954422,-0.99975364,-0.99977323,-0.99309824,-0.98551349,-0.98557034,-0.99308672,-0.98668264,-0.98916404,-0.99120757,-0.9872375,-0.98727413,-0.99393081,-0.98838147,-0.98996222,-0.99791777,-0.98876861,-0.96329185,-0.98873423,-0.99992512,-0.99975768,-0.99975276,-0.99108747,-0.98934853,-0.9839811,-1.0,-1.0,-1.0,-0.64,-0.48,-0.48,0.12883548,-0.075708446,0.10529903,-0.37241896,-0.74393841,-0.47347762,-0.86286982,-0.58388241,-0.91268979,-0.99998938,-0.99990009,-0.99994393,-0.99993982,-0.99992861,-0.99983128,-0.99995206,-0.99999577,-0.99993259,-0.9999395,-0.99989638,-0.99995211,-0.99992926,-0.99989798,-0.99983719,-0.99976571,-0.99987358,-0.99979195,-0.9998556,-0.99967796,-0.99957146,-0.99997322,-0.99975603,-0.99981876,-0.99979231,-0.99962615,-0.99976892,-0.99981137,-0.99981517,-0.99942049,-0.99981928,-0.99977566,-0.99982406,-0.99956921,-0.9995959,-0.99928278,-0.99947185,-0.99982745,-0.99974324,-0.99953508,-0.99968324,-0.99978903,-0.99428229,-0.99213316,-0.99356225,-0.99531871,-0.98875581,-0.99682232,-0.9947288,-0.99120098,-0.99492927,-0.99452493,-0.99125783,-0.99798011,-0.99786155,-0.99591607,-0.99711875,-0.99383705,-0.99997863,-0.99992395,-0.99996992,-0.99551571,-0.99670761,-0.99147649,-0.82184063,-0.76460301,-0.95273437,-0.4,-0.87096774,-0.37931034,0.23574091,-0.33473585,0.35301656,-0.21903009,-0.54842984,-0.21948386,-0.68278879,-0.7657607,-0.94552898,-0.99999412,-0.99989296,-0.99998753,-0.99998688,-0.99995627,-0.99997709,-0.99997732,-0.99998996,-0.9999791,-0.9999867,-0.99996176,-0.99998292,-0.99997907,-0.99998044,-0.99988567,-0.99998127,-0.9999959,-0.99999318,-0.99999289,-0.99998182,-0.99993192,-0.99997348,-0.99991164,-0.99999437,-0.99999096,-0.9999407,-0.99991665,-0.99999245,-0.99998739,-0.99996802,-0.99993975,-0.9999669,-0.99995926,-0.99990417,-0.99991981,-0.99999733,-0.99997929,-0.99992919,-0.99995016,-0.99995373,-0.99997313,-0.99996361,-0.98954329,-0.99259051,-0.99031653,-0.99511681,-0.99826576,-0.98954329,-0.99986815,-0.99272878,-1.0,-0.24137931,0.38438168,-0.71136208,-0.91271191,-0.99070042,-0.99329478,-0.99073002,-0.99524475,-0.97741783,-0.99070042,-0.99987999,-0.98952491,-1.0,-1.0,0.33512179,-0.70008142,-0.93261293,-0.99213504,-0.99169249,-0.99039173,-0.99270652,-0.99416772,-0.99213504,-0.99992935,-0.9915038,-0.85031043,-0.8974359,-0.050112695,-0.49796941,-0.79546479,-0.99722318,-0.99673472,-0.99671328,-0.99708961,-0.99530077,-0.99722318,-0.99998709,-0.99657067,-1.0,-1.0,0.3115672,-0.28306244,-0.6555409,-0.034893167,0.13395466,-0.59518665,-0.37408892,0.45937936,-0.46843468,-0.52750625
0.47789454,0.2644427,-0.25605618,-0.66460095,0.12749549,-0.57169292,-0.66791889,0.23523712,-0.54921996,-0.45907886,0.3203451,-0.76816603,0.72776022,0.62053564,0.4189502,-0.3237846,-0.93461676,-0.61180203,-0.88203383,-0.66359725,0.17060296,-0.52723537,0.71637736,0.49201182,-0.27587688,-0.11771117,-0.010803676,0.25521786,-0.40726543,-0.23164652,-0.079561266,0.68654731,-0.70347335,-0.19807161,-0.030893617,0.33187023,-0.32867305,0.93340181,-0.82628015,-0.87891833,-0.56229426,0.40846403,0.90264746,-0.46201638,0.0093822239,-0.51860875,-0.4415409,0.036052189,-0.50033805,-0.5044187,0.57125762,0.99602481,-0.69352401,0.12053008,0.82708723,-0.0016972829,-0.97992037,-0.57874947,0.60164354,-0.39396359,0.10248094,-0.45135516,-0.37290382,0.69858093,0.50682479,-0.90900987,0.9118952,-0.91444661,0.9168544,-0.85982377,0.8461474,-0.84133236,0.84060975,-0.87236922,0.87523976,-0.87758535,0.87616226,0.99657606,-0.99827251,-0.99842976,-0.09768672,-0.43867442,0.09135801,-0.83651082,-0.751521,-0.86292496,-0.90087188,-0.7904309,-0.88076793,-0.80009126,-0.81960908,-0.91320185,0.69915805,0.76398999,0.7244613,-0.85685053,-0.98553624,-0.96641062,-0.98870552,-0.95699613,-0.88038787,-0.90404608,-0.34965561,-0.30267931,-0.020733304,0.04701983,-0.021549118,0.52866143,-0.20598552,-0.093283429,-0.38942502,0.69869211,0.035207127,-0.12804903,-0.16928017,-0.033683884,0.27577863,0.19278644,0.18162777,0.50659935,-0.089308198,-0.38260475,0.94087021,-0.77676011,-0.82606791,-0.71259851,-0.81746295,-0.84568166,-0.72652892,-0.62566873,-0.86212108,-0.15403056,0.62147623,0.72314512,0.95222446,-0.51349912,-0.97456752,-0.9683772,-0.67922403,-0.87765765,-0.89148023,-0.75365274,-0.56099706,-0.81954853,0.92228953,-0.44271419,0.39396744,-0.43183866,0.64025415,-0.57244232,0.49593487,-0.25527616,0.08642554,-0.37397691,0.35840621,-0.073186567,-0.32009961,-0.098052425,0.52696079,-0.5235302,0.013996526,-0.018335989,-0.21657348,-0.82987639,-0.88577667,-0.86458367,-0.88185041,-0.92083428,-0.90597457,-0.61362242,-0.87963894,-0.82443546,0.89404165,0.88952274,0.84429786,-0.90729003,-0.98484075,-0.99321447,-0.99002611,-0.93396793,-0.97201298,-0.95685354,0.080622191,0.20051997,-0.18459697,-0.39884389,0.24412978,-0.49062625,0.13257279,-0.45009851,0.31934676,0.14747567,-0.28762631,-0.18916776,0.41504118,0.14101806,0.14579899,-0.27368763,0.33686139,-0.56164216,-0.3505288,-0.050665083,-0.064058315,-0.31437097,-0.95820857,-0.3505288,-0.70840778,-0.13960679,0.60808206,-0.57169819,0.27930357,0.26163077,-0.21817665,-0.3505288,-0.050665083,-0.064058315,-0.31437097,-0.95820857,-0.3505288,-0.70840778,-0.13960679,0.60808206,-0.57169819,0.27930357,0.26163077,-0.21817665,-0.8569009,-0.72562554,-0.77258754,-0.76678407,-0.95986374,-0.8569009,-0.97947073,-0.8757939,0.097462426,0.12298131,-0.42500422,0.25738239,0.075133481,-0.53392766,-0.64585193,-0.61497149,-0.68411131,-0.23553198,-0.53392766,-0.890224,-0.64338174,0.82074101,-0.40818114,0.42671647,-0.34151191,0.087563732,-0.9070522,-0.81942955,-0.8462018,-0.8159349,-0.98544439,-0.9070522,-0.99102109,-0.89681141,0.35540251,0.048564665,-0.0011403418,-0.21546284,-0.043737292,-0.72045103,-0.26599577,-0.71678716,-0.64468829,0.22031153,-0.53593627,-0.73268104,-0.29747095,-0.64303037,-0.62372219,0.26984583,-0.43893559,-0.74444317,-0.69250732,-0.88092181,-0.53946332,-0.94253755,-0.35936327,-0.90270505,-0.82041736,-0.70470013,-0.88344497,-0.030033153,0.074752843,-0.0087495253,-1.0,-1.0,-1.0,-0.25890141,-0.051732112,-0.40467787,0.53945893,0.32241393,0.63493848,0.45864269,0.37970341,0.19535532,-0.92591648,-0.99336112,-0.98513372,-0.96444624,-0.97745745,-0.9747175,-0.95111235,-0.92149733,-0.93889646,-0.97663635,-0.97644526,-0.94118617,-0.94218453,-0.96329868,-0.11391691,-0.97252289,-0.92646079,-0.9401216,-0.85822387,-0.87148959,-0.62873202,-0.59682514,-0.30692508,-0.91163951,-0.84708834,-0.60319902,-0.35363896,-0.90815219,-0.89018565,-0.95821661,-0.99532163,-0.99684034,-0.99199551,-0.99057799,-0.98254159,-0.98434562,-0.89877127,-0.9959051,-0.99110452,-0.98294307,-0.90143339,-0.99522146,-0.8264657,-0.74943809,-0.85035886,-0.8641871,-0.77229396,-0.87373376,-0.83981462,-0.75577939,-0.87087077,-0.89620719,-0.85495102,-0.86099326,-0.89770126,-0.87655181,-0.9576793,-0.78058166,-0.98559267,-0.96702325,-0.98871691,-0.89491153,-0.78385079,-0.87920186,-0.20707428,-0.073982576,-0.31718889,-0.12,-0.84,-0.56,0.32917659,-0.43088742,-0.394396,-0.20954703,-0.74606725,-0.52369509,-0.94461733,-0.23422214,-0.59244054,-0.99744356,-0.99034587,-0.98193141,-0.9851329,-0.99265116,-0.9912371,-0.98245086,-0.96672219,-0.99267014,-0.97913305,-0.99147128,-0.97632111,-0.98719331,-0.98330474,-0.94360394,-0.9827829,-0.95743566,-0.99636542,-0.99214779,-0.97746723,-0.9630374,-0.97341016,-0.97111295,-0.96723576,-0.9840363,-0.9643499,-0.96024745,-0.99157957,-0.98944658,-0.96648203,-0.99492822,-0.99646136,-0.99398968,-0.99445603,-0.97424125,-0.99930683,-0.9676065,-0.99570726,-0.9937359,-0.97547957,-0.98220305,-0.99541666,-0.71927325,-0.83771988,-0.7036287,-0.7949438,-0.8203565,-0.74172128,-0.76530888,-0.82021864,-0.7115897,-0.84205104,-0.86217037,-0.78254731,-0.87136905,-0.99914286,-0.88350815,-0.75224497,-0.97469302,-0.984458,-0.95758616,-0.8205008,-0.83604435,-0.77792004,0.081897022,0.18379305,0.0014627514,-0.73333333,-1.0,-1.0,-0.071740717,-0.35298505,-0.072292194,-0.28499693,-0.70628692,-0.40252531,-0.76706824,-0.083930765,-0.44089468,-0.97548114,-0.99203783,-0.98432252,-0.98636366,-0.96826603,-0.98817005,-0.98429436,-0.98031131,-0.97575872,-0.98182821,-0.97318106,-0.98253194,-0.97531904,-0.98241028,-0.98530166,-0.99047662,-0.99572435,-0.99810741,-0.99891639,-0.99819598,-0.99858784,-0.99996395,-0.98391038,-0.99542715,-0.99875778,-0.998992,-0.98300881,-0.99816512,-0.96210917,-0.99360271,-0.97197586,-0.9958849,-0.99468839,-0.98508468,-0.97037494,-0.96665615,-0.96180993,-0.97128717,-0.9920867,-0.96875835,-0.95822584,-0.99470831,-0.44547595,-0.037521711,-0.35336783,-0.03765326,-0.71233044,-0.44547595,-0.5443041,-0.82505737,-0.097800443,-1.0,-0.318269,0.60553495,0.43006755,-0.74837339,-0.69847047,-0.7295887,-0.74516003,-0.91356016,-0.74837339,-0.95956186,-0.90548255,-0.33995243,-1.0,-0.21955298,0.14517331,-0.33199257,-0.73032174,-0.65338189,-0.68379643,-0.64022203,-0.94483868,-0.73032174,-0.93625981,-0.74989695,0.18948719,-1.0,-0.18408244,0.041066499,-0.32018143,-0.84590491,-0.80097922,-0.80009957,-0.8261787,-0.95774516,-0.84590491,-0.9831963,-0.81282849,-0.013251438,-0.96825397,-0.56199726,0.0065668967,-0.43651576,-0.06429213,0.13769389,-0.48967928,0.38943562,0.65665516,-0.21865797,-0.79591114
0.053458646,-0.054478346,-0.070219199,-0.90534374,-0.79135797,-0.92403029,-0.9097654,-0.81448527,-0.92622088,-0.87722576,-0.43111234,-0.76816603,0.72776022,0.62053564,0.78362591,-0.80958502,-0.98502983,-0.98843195,-0.99425829,-0.91065404,-0.85965006,-0.92902786,-0.73814131,-0.63622226,0.083973014,-0.25181997,-0.20992433,0.55919221,-0.2214033,-0.45458607,0.11693688,0.35265594,-0.21208697,0.34657894,-0.46040975,0.51713721,-0.25527145,0.9187356,-0.92232901,-0.8320227,-0.49346857,0.57580179,0.84283948,-0.78857626,-0.82052286,-0.90763652,-0.78936299,-0.83771773,-0.90930252,-0.5044187,0.57125762,0.86471824,-0.52774509,0.48526281,0.82708723,0.16121314,-0.9976619,-0.31738611,0.3866179,-0.78594366,-0.85829091,-0.90964444,-0.34010507,0.29902756,0.095113586,-0.96601421,0.97314312,-0.97999357,0.98677452,-0.9798145,0.97986168,-0.98132217,0.98334591,-0.95622353,0.95844574,-0.96013244,0.95790068,0.5248118,-0.77027663,-0.94607867,0.056503424,-0.058782637,-0.0055855102,-0.97604351,-0.96019892,-0.96803941,-0.98064407,-0.96664147,-0.97216161,-0.98383301,-0.98086468,-0.96443404,0.96571899,0.94779262,0.94284207,-0.97557785,-0.99955055,-0.99881648,-0.99902414,-0.98815191,-0.98519244,-0.98308748,-0.57998097,-0.6883098,-0.60176999,-0.087647388,-0.46774221,0.068007858,0.28656403,-0.39163784,-0.24992124,0.13137847,0.16791619,0.3634131,-0.43487897,0.17715195,0.34976183,0.20551078,-0.45668761,0.073461788,-0.11101545,-0.21530349,0.52020935,-0.9525832,-0.95570909,-0.81217519,-0.95768487,-0.97126024,-0.81037081,-0.88781148,-0.93229288,-0.42741917,0.76198356,0.84436355,0.8769047,-0.75988933,-0.99444354,-0.99550742,-0.91042732,-0.96800472,-0.98187001,-0.82966554,-0.97974251,-0.90393967,0.86871014,-0.31592469,-0.07874154,0.56203106,-0.20116135,-0.2516426,-0.055833018,0.40615432,-0.059738921,0.0708558,-0.44677302,0.59776868,-0.022672749,-0.43238326,-0.33617455,-0.30774682,-0.10836281,-0.00076018618,-0.19619292,-0.97073883,-0.97599205,-0.97646465,-0.97804423,-0.98520099,-0.98274278,-0.96084936,-0.96913027,-0.96054838,0.96387406,0.97526431,0.96957881,-0.98296788,-0.99945642,-0.99965148,-0.99952702,-0.99087908,-0.99476875,-0.98947204,-0.41196013,-0.34622399,-0.73667247,-0.13216553,-0.4158787,0.026838071,0.41744453,-0.18297795,-0.17484225,-0.15645232,0.80482834,0.22074647,-0.7143625,0.14869943,0.089772259,-0.42820199,0.78765253,-0.81089653,-0.81777058,-0.84088381,-0.84208629,-0.88548839,-0.95820857,-0.81777058,-0.98096057,-0.8149902,0.21214912,-0.48132769,0.16016594,0.3461064,-0.17357927,-0.81777058,-0.84088381,-0.84208629,-0.88548839,-0.95820857,-0.81777058,-0.98096057,-0.8149902,0.21214912,-0.48132769,0.16016594,0.3461064,-0.17357927,-0.9755596,-0.95432179,-0.9593343,-0.95802065,-0.98666255,-0.9755596,-0.99908511,-0.97540771,-0.47736859,0.30010583,-0.48421689,0.027443268,0.17429384,-0.77070515,-0.82374573,-0.79326136,-0.83549746,-0.67354015,-0.77070515,-0.97283725,-0.7776411,0.71569082,-0.29639708,-0.13409592,0.60555087,-0.31047222,-0.98297224,-0.96444682,-0.96968239,-0.97027965,-0.98544439,-0.98297224,-0.99959591,-0.98236753,-0.28477839,-0.023486174,-0.051083898,0.39863282,-0.53303375,-0.93889554,-0.85872121,-0.94122301,-0.8944844,-0.77466532,-0.91980357,-0.91305697,-0.83181135,-0.93188423,-0.89037681,-0.78178644,-0.90310491,-0.99184017,-0.84946559,-0.97542795,-0.9087453,-0.99512868,-0.97635583,-0.99590491,-0.97399866,-0.97124751,-0.9579958,-0.51596681,-0.4718287,-0.5435891,-1.0,-1.0,-1.0,-0.92074857,-0.37682099,-0.16908816,0.4706365,0.23576926,0.27829059,-0.01158964,0.072155577,-0.15696581,-0.99350153,-0.99927167,-0.99976471,-0.99989867,-0.99978339,-0.99962518,-0.99917234,-0.99963436,-0.99459928,-0.99977389,-0.99973915,-0.99932721,-0.99496816,-0.99981095,-0.9664585,-0.99921602,-0.99910976,-0.99821011,-0.99720492,-0.99582858,-0.99499387,-0.99398691,-0.97391229,-0.99862997,-0.99638895,-0.99440652,-0.97600324,-0.99757383,-0.99543678,-0.99836503,-0.99938797,-0.99967648,-0.99914879,-0.99818757,-0.99689982,-0.99966489,-0.99585618,-0.99952585,-0.99888412,-0.99771167,-0.99589679,-0.99946729,-0.97575159,-0.96322713,-0.95977408,-0.97856816,-0.95931558,-0.97601095,-0.97272458,-0.95981697,-0.97124746,-0.9846997,-0.97104093,-0.97861958,-0.98037846,-0.9580508,-0.94184953,-0.96330885,-0.99955091,-0.99883116,-0.99902403,-0.9763814,-0.97661912,-0.9614842,-0.90272368,-0.79261756,-0.80316383,-1.0,-1.0,-0.52,-0.44265173,-0.82571924,0.10641337,-0.40405289,-0.82336654,-0.34387881,-0.87217349,-0.74439098,-0.94530242,-0.99940448,-0.99950759,-0.99990123,-0.99989305,-0.99977169,-0.99972138,-0.9994769,-0.99994605,-0.99941965,-0.99988504,-0.99974575,-0.99947557,-0.99950307,-0.99976223,-0.99510487,-0.99916708,-0.99982863,-0.99970871,-0.9996591,-0.99976609,-0.99956221,-0.99907898,-0.99809878,-0.99974671,-0.99967009,-0.99950525,-0.99854372,-0.99971197,-0.99860588,-0.99831958,-0.99945177,-0.99966506,-0.9991812,-0.99799698,-0.99472689,-0.9989348,-0.99810048,-0.99958555,-0.99877641,-0.99487517,-0.99882335,-0.99934203,-0.95192333,-0.94904352,-0.80219921,-0.95316279,-0.96063303,-0.83257286,-0.9406118,-0.959264,-0.84180559,-0.96478066,-0.97749909,-0.83783225,-0.99253503,-0.94381105,-0.66300633,-0.91240561,-0.99878566,-0.99890529,-0.98158915,-0.9900556,-0.97274454,-0.93054887,-0.4994806,-0.27678865,-0.23426052,-1.0,-0.80645161,-1.0,-0.47046523,0.16083467,0.13402388,-0.35229887,-0.75295511,-0.5488253,-0.90524737,0.24803493,-0.037169481,-0.99873457,-0.9997079,-0.99996302,-0.99993358,-0.99966295,-0.99965578,-0.9997128,-0.99980035,-0.99876652,-0.99994523,-0.99962754,-0.99975155,-0.99878594,-0.99984547,-0.99889229,-0.99934379,-0.99992832,-0.99974801,-0.99948552,-0.99858193,-0.99768832,-0.9973837,-0.99882818,-0.99985694,-0.9992951,-0.99724172,-0.99887835,-0.9995869,-0.98254981,-0.99734277,-0.9972342,-0.99644143,-0.99389473,-0.98656911,-0.9704238,-0.96746547,-0.98250987,-0.99564263,-0.99190433,-0.96913783,-0.98222234,-0.99503558,-0.89210904,-0.84128572,-0.85819559,-0.84322259,-0.97816269,-0.89210904,-0.9858475,-0.95852754,-0.50218472,-1.0,-0.39552584,0.39045026,0.19586629,-0.96063,-0.94526867,-0.94866718,-0.94787619,-0.98795894,-0.96063,-0.99845002,-0.96650362,-0.8612167,-1.0,-0.21670317,0.13219845,-0.26579559,-0.86358116,-0.82840386,-0.8661691,-0.79607814,-0.69463829,-0.86358116,-0.9838982,-0.93184127,-0.30411768,-1.0,-0.054772157,0.41189699,0.15195701,-0.97084937,-0.95909901,-0.96154234,-0.95901854,-0.97290813,-0.97084937,-0.9992622,-0.96235836,-0.56558581,-1.0,-0.3854402,0.20301441,-0.2070583,0.014254963,0.40227253,-0.36694653,0.32924049,0.6057678,-0.34160856,-0.67167367
0.22850126,-0.062744819,-0.067703131,-0.89270797,-0.73827547,-0.90006903,-0.89902981,-0.77255468,-0.90832331,-0.83932542,-0.49662177,-0.65640419,0.74242621,0.45588069,0.81940957,-0.85294125,-0.99333521,-0.98225854,-0.99178931,-0.91313126,-0.85537922,-0.92046679,-0.072670015,-0.39933451,0.11171651,-0.076572241,0.026838509,0.13261417,-0.3609259,-0.55132758,0.67620281,-1.0,1.0,-0.083367149,0.19744825,-0.30243772,-0.032621158,0.030216937,0.078648107,-0.7428857,-0.56147729,0.56018753,0.85456288,-0.8182977,-0.89843285,-0.93674121,-0.82306037,-0.90292648,-0.93955935,-0.53457605,0.56399895,0.84772609,-0.54402416,0.56313897,0.83295942,0.23886665,-0.99159497,-0.35420464,0.42551052,-0.84589778,-0.92518953,-0.95361441,-0.94989357,-0.046573177,-0.16999128,-0.72532781,0.73151757,-0.73762271,0.74381475,-0.84898145,0.84356608,-0.8483439,0.85742514,-0.51555918,0.51714601,-0.51843289,0.51680175,0.99407504,-0.99227625,-0.99755116,0.14139742,-0.13355668,0.014910544,-0.94567352,-0.91313061,-0.94299988,-0.96323415,-0.9258298,-0.94917839,-0.88923817,-0.96418481,-0.95748754,0.93665177,0.88297699,0.92942396,-0.94838592,-0.99815176,-0.99536082,-0.99755626,-0.98576827,-0.97573732,-0.96987646,-0.33794928,-0.42849063,-0.42423482,0.084511551,0.10243808,0.42128926,-0.17204871,-0.48187202,0.55243757,-0.49410252,-0.19446314,-0.15813248,0.39129295,-0.097683121,-0.045759877,-0.53269555,-0.38894549,0.40896255,-0.11733541,-0.20616902,0.20610894,-0.89982937,-0.92727391,-0.82894109,-0.91735821,-0.94824092,-0.84331729,-0.78647057,-0.92141212,-0.63108303,0.70718854,0.83303911,0.71170411,-0.82290322,-0.990118,-0.99423078,-0.98034883,-0.96873471,-0.98424132,-0.87959796,-0.9595123,-0.72484281,0.54691846,-0.21223308,-0.042397359,0.24619516,0.15601782,-0.31635143,0.28706352,-0.20159087,0.15907636,-0.64626516,0.67144932,-0.8289718,0.77993394,-0.27231616,0.7470136,-0.26298798,-0.029873161,-0.020273637,-0.081860407,-0.93570727,-0.94587597,-0.94778157,-0.95772308,-0.96544322,-0.96464195,-0.86315677,-0.93762764,-0.91963578,0.9616926,0.94293478,0.95995342,-0.96386535,-0.99766002,-0.99840662,-0.99834301,-0.99003498,-0.99049,-0.98698003,-0.26883754,-0.15321068,-0.48719736,-0.17034724,-0.096822283,-0.044073309,0.043682029,-0.22956049,0.28122534,0.07303784,-0.079092171,-0.60104468,0.61183938,-0.49165663,-0.18699416,-0.11018087,0.80651636,-0.5020717,-0.85529304,-0.77438479,-0.81310073,-0.77317015,-0.96718538,-0.85529304,-0.98319406,-0.8281511,0.2706741,-0.43191995,0.41956115,-0.64869441,0.58407834,-0.85529304,-0.77438479,-0.81310073,-0.77317015,-0.96718538,-0.85529304,-0.98319406,-0.8281511,0.2706741,-0.43191995,0.41956115,-0.64869441,0.58407834,-0.95205478,-0.89900071,-0.90373208,-0.88063075,-0.98666255,-0.95205478,-0.996888,-0.92648624,-0.27676349,0.18414252,-0.17903852,-0.39613821,0.30275265,-0.83375956,-0.856667,-0.85171449,-0.8674128,-0.75326283,-0.83375956,-0.98497223,-0.86846989,0.58267197,-0.12763515,-0.2034363,0.47768431,-0.18650162,-0.96219032,-0.92062813,-0.9260036,-0.93469384,-0.98703226,-0.96219032,-0.99824033,-0.93781018,-0.079565171,0.44587099,-0.2581894,-0.27987773,-0.0042015057,-0.90027699,-0.78364871,-0.91417051,-0.88961693,-0.73225611,-0.89917354,-0.90461219,-0.78217395,-0.91313723,-0.88503326,-0.76487371,-0.87832335,-0.92640508,-0.84389571,-0.96880849,-0.85684143,-0.99380274,-0.96345981,-0.99343586,-0.94262453,-0.89821365,-0.92013471,-0.33869363,-0.23123923,-0.42259717,-1.0,-1.0,-1.0,-0.23816626,-0.05707667,0.017200309,0.38702843,0.12205471,0.030818274,-0.34934551,0.069351038,-0.14515467,-0.99233474,-0.9984204,-0.99895283,-0.99502199,-0.99639457,-0.99593822,-0.99391657,-0.99332422,-0.99341703,-0.99762148,-0.99623854,-0.99371804,-0.99381223,-0.99464591,-0.95252624,-0.99434378,-0.99927656,-0.98331498,-0.98710213,-0.98334404,-0.98123145,-0.97172796,-0.96073022,-0.99448572,-0.98421381,-0.97661077,-0.96398574,-0.98276636,-0.99370091,-0.99634842,-0.99812019,-0.99739384,-0.99829835,-0.99804801,-0.9986415,-0.99951747,-0.99381825,-0.9978904,-0.99815825,-0.99890175,-0.99366819,-0.99762856,-0.94305434,-0.91652084,-0.93404835,-0.95395553,-0.91515813,-0.95085076,-0.94120488,-0.91261262,-0.94080611,-0.96783854,-0.93679688,-0.96759734,-0.9583042,-0.92990854,-0.98805271,-0.92264803,-0.99816227,-0.99542452,-0.99755653,-0.94856828,-0.93412487,-0.9280301,-0.64694747,-0.58812682,-0.56335046,-0.08,0.12,0.08,0.10548468,-0.32478501,-0.065585114,-0.51180671,-0.87030314,-0.4032738,-0.87574887,-0.71444289,-0.96827311,-0.99959753,-0.99899823,-0.99782945,-0.99713273,-0.9993694,-0.99794831,-0.99855929,-0.99976666,-0.99917937,-0.99702692,-0.99874579,-0.99853917,-0.99851353,-0.99705239,-0.99142442,-0.99912466,-0.9978824,-0.9893202,-0.99927,-0.99772713,-0.99931486,-0.99852527,-0.99719364,-0.99342863,-0.99848277,-0.99921926,-0.99702832,-0.9927355,-0.99866039,-0.99659289,-0.9982324,-0.99731944,-0.99858367,-0.99800556,-0.99808668,-0.99972549,-0.99664239,-0.9978155,-0.99832203,-0.99815373,-0.99734124,-0.99773941,-0.86675585,-0.92162778,-0.87769439,-0.91033214,-0.93144591,-0.83101449,-0.89546189,-0.92677356,-0.84621384,-0.91606221,-0.96161803,-0.8600606,-0.88901024,-0.98241152,-0.97994373,-0.88678916,-0.99479664,-0.99717184,-0.98466427,-0.93283761,-0.91789359,-0.94169817,-0.17473495,-0.038383327,-0.26747232,-1.0,-0.87096774,-1.0,0.053154778,-0.17062747,-0.69742072,-0.18942306,-0.58933517,-0.59355313,-0.90446453,0.099779017,-0.30755798,-0.9952257,-0.99660717,-0.99777511,-0.99677874,-0.9936343,-0.99135862,-0.99511698,-0.99287542,-0.99501082,-0.99689818,-0.99206888,-0.99412514,-0.99497523,-0.99538492,-0.99710394,-0.99859687,-0.99945298,-0.99879127,-0.9993667,-0.99842731,-0.99986012,-0.99976203,-0.99713826,-0.99912267,-0.99916772,-0.99979861,-0.99708105,-0.99881609,-0.98428375,-0.99903662,-0.99929881,-0.99926088,-0.9997206,-0.99970284,-0.99972877,-0.99960053,-0.98472693,-0.99897623,-0.99972072,-0.99967323,-0.98470639,-0.99940546,-0.83964008,-0.77848922,-0.80448272,-0.7809269,-0.97478377,-0.83964008,-0.97250593,-0.90347606,-0.24854648,-1.0,-0.32443222,0.40263327,0.21275284,-0.92381611,-0.87189893,-0.89352691,-0.87203421,-0.98140061,-0.92381611,-0.99381122,-0.96140833,-0.60886706,-1.0,-0.52110687,0.45410993,0.13430377,-0.89870761,-0.85555631,-0.86183616,-0.84892457,-0.9974639,-0.89870761,-0.98925998,-0.93151286,-0.15824284,-1.0,-0.416587,0.012501502,-0.31897417,-0.93159093,-0.91274466,-0.92141223,-0.90262074,-0.9749836,-0.93159093,-0.99661517,-0.92408849,-0.34751407,-1.0,-0.1581215,0.4110463,0.1127762,0.049594058,0.29781762,-0.079555935,0.055665115,0.6538324,-0.32736956,-0.68376968
